symbol,entry_timestamp,exit_timestamp,entry_hour,exit_hour,entry_reason,exit_reason,entry_price,exit_price,quantity,pnl,costs,hold_bars,entry_confidence,entry_metadata
NVDA,2025-04-07T17:10:00+00:00,2025-04-07T18:25:00+00:00,17,18,momentum_confirmation,trailing_stop,96.93671,97.34382,0.10000,-0.46123,0.50194,15,1.00000,"{'momentum_5': 0.014454802555776691, 'momentum_20': 0.02065549583728532}"
NVDA,2025-04-08T13:30:00+00:00,2025-04-08T14:40:00+00:00,13,14,momentum_confirmation,trailing_stop,104.07194,103.99103,0.10000,-0.51017,0.50208,14,1.00000,"{'momentum_5': 0.010427558060441156, 'momentum_20': 0.019442156862744975}"
NVDA,2025-04-09T13:35:00+00:00,2025-04-09T14:50:00+00:00,13,14,momentum_confirmation,structure_exit,99.35243,98.07290,0.10000,-0.62993,0.50197,15,1.00000,"{'momentum_5': 0.009816887080366321, 'momentum_20': 0.03649368278166443}"
NVDA,2025-04-09T16:40:00+00:00,2025-04-09T17:05:00+00:00,16,17,momentum_confirmation,trailing_stop,100.34273,100.88206,0.10000,-0.44808,0.50201,5,1.00000,"{'momentum_5': 0.00961732124874115, 'momentum_20': 0.01771393767130225}"
NVDA,2025-04-09T19:10:00+00:00,2025-04-09T19:50:00+00:00,19,19,momentum_confirmation,take_profit,112.58138,114.51798,0.10000,-0.30861,0.50227,8,1.00000,"{'momentum_5': 0.013240857503152625, 'momentum_20': 0.02890332022317743}"
NVDA,2025-04-10T17:40:00+00:00,2025-04-10T18:05:00+00:00,17,18,momentum_confirmation,trailing_stop,107.31981,106.86517,0.10000,-0.54761,0.50214,5,1.00000,"{'momentum_5': 0.015051117001136038, 'momentum_20': 0.018957571150282737}"
NVDA,2025-04-10T19:30:00+00:00,2025-04-10T19:40:00+00:00,19,19,momentum_confirmation,structure_exit,107.56338,105.69062,0.10000,-0.68941,0.50213,2,1.00000,"{'momentum_5': 0.004378300079435515, 'momentum_20': 0.002411043230891252}"
NVDA,2025-04-11T13:50:00+00:00,2025-04-11T14:15:00+00:00,13,14,momentum_confirmation,structure_exit,110.53077,108.66973,0.10000,-0.68830,0.50219,5,1.00000,"{'momentum_5': 0.017786379135563468, 'momentum_20': 0.013956127392698692}"
NVDA,2025-04-11T16:10:00+00:00,2025-04-11T16:20:00+00:00,16,16,momentum_confirmation,structure_exit,109.86057,109.33953,0.10000,-0.55430,0.50219,2,1.00000,"{'momentum_5': 0.005680256527714089, 'momentum_20': 0.00974978405870286}"
NVDA,2025-04-11T17:40:00+00:00,2025-04-11T18:05:00+00:00,17,18,momentum_confirmation,trailing_stop,110.59579,110.45420,0.10000,-0.51637,0.50221,5,1.00000,"{'momentum_5': 0.007246376811594235, 'momentum_20': 0.009546866435227397}"
NVDA,2025-04-14T18:00:00+00:00,2025-04-14T19:25:00+00:00,18,19,momentum_confirmation,trailing_stop,111.03302,111.25896,0.10000,-0.47963,0.50222,17,1.00000,"{'momentum_5': 0.004364475828354086, 'momentum_20': 0.005912594070178523}"
NVDA,2025-04-15T13:30:00+00:00,2025-04-15T15:00:00+00:00,13,15,momentum_confirmation,time_stop,112.19477,111.78410,0.10000,-0.54331,0.50224,18,1.00000,"{'momentum_5': 0.013775522200176749, 'momentum_20': 0.011125642644538525}"
NVDA,2025-04-15T15:50:00+00:00,2025-04-15T16:50:00+00:00,15,16,momentum_confirmation,trailing_stop,112.70642,112.60855,0.10000,-0.51204,0.50225,12,1.00000,"{'momentum_5': 0.005311551508659251, 'momentum_20': 0.006119896363798727}"
NVDA,2025-04-16T13:40:00+00:00,2025-04-16T14:15:00+00:00,13,14,momentum_confirmation,stop_loss,106.11945,104.75090,0.10000,-0.63896,0.50211,7,1.00000,"{'momentum_5': 0.014450878112813426, 'momentum_20': 0.009040730871716862}"
NVDA,2025-04-16T19:55:00+00:00,2025-04-16T20:55:00+00:00,19,20,momentum_confirmation,stop_loss,104.58900,102.96144,0.10000,-0.66483,0.50208,12,1.00000,"{'momentum_5': 0.02660427794352982, 'momentum_20': 0.02541357529822852}"
NVDA,2025-04-17T16:35:00+00:00,2025-04-17T16:40:00+00:00,16,16,momentum_confirmation,stop_loss,101.44276,100.76909,0.10000,-0.56939,0.50202,1,1.00000,"{'momentum_5': 0.004904818560380608, 'momentum_20': 0.01213001797483515}"
NVDA,2025-04-17T17:50:00+00:00,2025-04-17T18:20:00+00:00,17,18,momentum_confirmation,take_profit,101.50807,102.20167,0.10000,-0.43268,0.50204,6,1.00000,"{'momentum_5': 0.00583946238862576, 'momentum_20': 0.005552250644457635}"
NVDA,2025-04-21T13:30:00+00:00,2025-04-21T13:40:00+00:00,13,13,momentum_confirmation,structure_exit,99.12326,97.76299,0.10000,-0.63800,0.50197,2,1.00000,"{'momentum_5': 0.00933448838157358, 'momentum_20': 0.011602655771195014}"
NVDA,2025-04-21T16:40:00+00:00,2025-04-21T16:45:00+00:00,16,16,momentum_confirmation,stop_loss,96.41155,95.97173,0.10000,-0.54591,0.50192,1,0.88070,"{'momentum_5': 0.003699072626862643, 'momentum_20': 0.002131708144290423}"
NVDA,2025-04-21T19:15:00+00:00,2025-04-21T19:35:00+00:00,19,19,momentum_confirmation,take_profit,95.75656,96.04851,0.10000,-0.47272,0.50192,4,1.00000,"{'momentum_5': 0.004569748516826788, 'momentum_20': 0.006057151750579859}"
NVDA,2025-04-22T13:45:00+00:00,2025-04-22T15:25:00+00:00,13,15,momentum_confirmation,time_stop,99.00763,98.80768,0.10000,-0.52197,0.50198,20,1.00000,"{'momentum_5': 0.0041650593848339135, 'momentum_20': 0.011352634038067633}"
NVDA,2025-04-22T16:15:00+00:00,2025-04-22T16:45:00+00:00,16,16,momentum_confirmation,structure_exit,99.50748,99.24245,0.10000,-0.52849,0.50199,6,1.00000,"{'momentum_5': 0.007600073375825023, 'momentum_20': 0.0043438731184968216}"
NVDA,2025-04-23T17:05:00+00:00,2025-04-23T17:25:00+00:00,17,17,momentum_confirmation,stop_loss,104.35393,103.87117,0.10000,-0.55036,0.50208,4,1.00000,"{'momentum_5': 0.004867000771009877, 'momentum_20': 0.010907504363001808}"
NVDA,2025-04-24T13:35:00+00:00,2025-04-24T15:05:00+00:00,13,15,momentum_confirmation,take_profit,103.88879,105.37072,0.10000,-0.35390,0.50209,18,1.00000,"{'momentum_5': 0.0047430064853353215, 'momentum_20': 0.010809231668127417}"
NVDA,2025-04-24T16:25:00+00:00,2025-04-24T19:00:00+00:00,16,19,momentum_confirmation,trailing_stop,105.83827,105.84058,0.10000,-0.50189,0.50212,31,1.00000,"{'momentum_5': 0.004167695375557834, 'momentum_20': 0.007228307457853189}"
NVDA,2025-04-25T13:35:00+00:00,2025-04-25T13:50:00+00:00,13,13,momentum_confirmation,structure_exit,107.40484,106.52037,0.10000,-0.59059,0.50214,3,1.00000,"{'momentum_5': 0.007463387157341295, 'momentum_20': 0.007368816295879155}"
NVDA,2025-04-25T14:40:00+00:00,2025-04-25T15:25:00+00:00,14,15,momentum_confirmation,trailing_stop,108.44015,108.56976,0.10000,-0.48921,0.50217,9,1.00000,"{'momentum_5': 0.004589495155532752, 'momentum_20': 0.017561983471074294}"
NVDA,2025-04-25T16:25:00+00:00,2025-04-25T16:35:00+00:00,16,16,momentum_confirmation,take_profit,109.56548,110.16928,0.10000,-0.44182,0.50220,2,1.00000,"{'momentum_5': 0.006411246433088991, 'momentum_20': 0.010289774824658426}"
NVDA,2025-04-25T17:25:00+00:00,2025-04-25T17:35:00+00:00,17,17,momentum_confirmation,stop_loss,111.96120,110.59415,0.10000,-0.63893,0.50223,2,1.00000,"{'momentum_5': 0.009657039711191473, 'momentum_20': 0.02642444260941379}"
NVDA,2025-04-25T18:25:00+00:00,2025-04-25T19:05:00+00:00,18,19,momentum_confirmation,structure_exit,110.92589,110.78410,0.10000,-0.51640,0.50222,8,1.00000,"{'momentum_5': 0.0034403150604318533, 'momentum_20': 0.005032644178454726}"
NVDA,2025-04-28T19:05:00+00:00,2025-04-28T19:20:00+00:00,19,19,momentum_confirmation,take_profit,107.88988,108.14489,0.10000,-0.47666,0.50216,3,1.00000,"{'momentum_5': 0.003535651149086494, 'momentum_20': 0.014300903274369503}"
NVDA,2025-04-29T13:50:00+00:00,2025-04-29T14:20:00+00:00,13,14,momentum_confirmation,trailing_stop,108.73073,108.39981,0.10000,-0.53526,0.50217,6,1.00000,"{'momentum_5': 0.00920111472364149, 'momentum_20': 0.004814095449500622}"
NVDA,2025-04-29T15:35:00+00:00,2025-04-29T16:15:00+00:00,15,16,momentum_confirmation,structure_exit,109.06513,108.72961,0.10000,-0.53573,0.50218,8,0.93303,"{'momentum_5': 0.003464133055122165, 'momentum_20': 0.0016066176470588278}"
NVDA,2025-04-29T17:50:00+00:00,2025-04-29T18:50:00+00:00,17,18,momentum_confirmation,trailing_stop,109.62050,109.70042,0.10000,-0.49420,0.50219,12,1.00000,"{'momentum_5': 0.007311353290109013, 'momentum_20': 0.003573391973611839}"
NVDA,2025-04-30T14:30:00+00:00,2025-04-30T16:15:00+00:00,14,16,momentum_confirmation,trailing_stop,106.04643,106.09950,0.10000,-0.49681,0.50212,21,1.00000,"{'momentum_5': 0.0045221843003411255, 'momentum_20': 0.00941037942558376}"
NVDA,2025-04-30T17:45:00+00:00,2025-04-30T18:15:00+00:00,17,18,momentum_confirmation,take_profit,107.06974,107.54017,0.10000,-0.45510,0.50215,6,1.00000,"{'momentum_5': 0.008151533713424142, 'momentum_20': 0.0025302220972731604}"
NVDA,2025-04-30T19:45:00+00:00,2025-04-30T19:50:00+00:00,19,19,momentum_confirmation,take_profit,107.88298,108.37982,0.10000,-0.45248,0.50216,1,1.00000,"{'momentum_5': 0.003977050462902643, 'momentum_20': 0.004688228166651154}"
NVDA,2025-05-01T15:15:00+00:00,2025-05-01T16:15:00+00:00,15,16,momentum_confirmation,structure_exit,114.80705,113.27335,0.10000,-0.65565,0.50228,12,1.00000,"{'momentum_5': 0.01208699104503963, 'momentum_20': 0.02273436455222222}"
NVDA,2025-05-02T13:30:00+00:00,2025-05-02T14:20:00+00:00,13,14,momentum_confirmation,structure_exit,115.14215,113.49819,0.10000,-0.66668,0.50229,10,1.00000,"{'momentum_5': 0.007972665148063829, 'momentum_20': 0.02184918731681318}"
NVDA,2025-05-02T16:00:00+00:00,2025-05-02T16:45:00+00:00,16,16,momentum_confirmation,stop_loss,115.21217,114.42791,0.10000,-0.58072,0.50230,9,1.00000,"{'momentum_5': 0.00401186115471841, 'momentum_20': 0.013470387772152259}"
NVDA,2025-05-05T13:30:00+00:00,2025-05-05T14:30:00+00:00,13,14,momentum_confirmation,structure_exit,114.03082,112.78850,0.10000,-0.62650,0.50227,12,1.00000,"{'momentum_5': 0.00902498142488617, 'momentum_20': 0.009113453192808318}"
NVDA,2025-05-05T15:20:00+00:00,2025-05-05T15:35:00+00:00,15,15,momentum_confirmation,structure_exit,114.04072,113.54827,0.10000,-0.55152,0.50228,3,0.80967,"{'momentum_5': 0.003424621345544221, 'momentum_20': 0.0006050228310501282}"
NVDA,2025-05-06T16:10:00+00:00,2025-05-06T16:20:00+00:00,16,16,momentum_confirmation,structure_exit,113.77144,112.82849,0.10000,-0.59656,0.50227,2,1.00000,"{'momentum_5': 0.007441510102800475, 'momentum_20': 0.005792523777925052}"
NVDA,2025-05-06T18:15:00+00:00,2025-05-06T19:30:00+00:00,18,19,momentum_confirmation,take_profit,113.69672,114.33804,0.10000,-0.43815,0.50228,15,1.00000,"{'momentum_5': 0.005531952557974895, 'momentum_20': 0.0034890910696936395}"
NVDA,2025-05-07T15:40:00+00:00,2025-05-07T17:10:00+00:00,15,17,momentum_confirmation,time_stop,114.11174,113.96815,0.10000,-0.51664,0.50228,18,1.00000,"{'momentum_5': 0.006131921464813672, 'momentum_20': 0.006442757524935949}"
NVDA,2025-05-07T19:40:00+00:00,2025-05-08T13:30:00+00:00,19,13,momentum_confirmation,signal_exit,116.99270,117.38702,0.10000,-0.46291,0.50234,22,1.00000,"{'momentum_5': 0.027257021640061163, 'momentum_20': 0.029910576626580365}"
NVDA,2025-05-08T15:45:00+00:00,2025-05-08T15:55:00+00:00,15,15,momentum_confirmation,stop_loss,118.35811,117.89687,0.10000,-0.54849,0.50236,2,1.00000,"{'momentum_5': 0.00882879808922632, 'momentum_20': 0.010506222903497564}"
NVDA,2025-05-08T19:20:00+00:00,2025-05-08T19:40:00+00:00,19,19,momentum_confirmation,structure_exit,118.56817,117.74122,0.10000,-0.58506,0.50236,4,1.00000,"{'momentum_5': 0.0038552787663108656, 'momentum_20': 0.005302498682648427}"
NVDA,2025-05-09T17:55:00+00:00,2025-05-09T19:25:00+00:00,17,19,momentum_confirmation,time_stop,116.86266,116.63255,0.10000,-0.52535,0.50233,18,1.00000,"{'momentum_5': 0.0035235476108628205, 'momentum_20': 0.004009330743561801}"
NVDA,2025-05-12T16:05:00+00:00,2025-05-12T16:25:00+00:00,16,16,momentum_confirmation,trailing_stop,122.38432,122.27696,0.10000,-0.51318,0.50245,4,1.00000,"{'momentum_5': 0.005246120484859285, 'momentum_20': 0.011915597848572768}"
NVDA,2025-05-13T13:30:00+00:00,2025-05-13T14:05:00+00:00,13,14,momentum_confirmation,take_profit,125.73532,128.34385,0.10000,-0.24169,0.50254,7,1.00000,"{'momentum_5': 0.0060044791380582385, 'momentum_20': 0.01363453005244053}"
NVDA,2025-05-13T14:55:00+00:00,2025-05-13T16:00:00+00:00,14,16,momentum_confirmation,stop_loss,130.72681,129.29356,0.10000,-0.64592,0.50260,13,1.00000,"{'momentum_5': 0.01102898494640292, 'momentum_20': 0.045962120205172985}"
NVDA,2025-05-13T16:50:00+00:00,2025-05-13T16:55:00+00:00,16,16,momentum_confirmation,stop_loss,131.02990,130.53819,0.10000,-0.55179,0.50262,1,1.00000,"{'momentum_5': 0.0036256323777401622, 'momentum_20': 0.010363453970213765}"
NVDA,2025-05-14T15:25:00+00:00,2025-05-14T16:20:00+00:00,15,16,momentum_confirmation,take_profit,134.25286,134.84490,0.10000,-0.44349,0.50269,11,1.00000,"{'momentum_5': 0.007699241343048113, 'momentum_20': 0.007480536411760719}"
NVDA,2025-05-14T17:45:00+00:00,2025-05-14T17:55:00+00:00,17,17,momentum_confirmation,structure_exit,135.00799,134.89689,0.10000,-0.51381,0.50270,2,0.95840,"{'momentum_5': 0.00566455460305626, 'momentum_20': 0.0007039276044951137}"
NVDA,2025-05-14T18:45:00+00:00,2025-05-14T19:00:00+00:00,18,19,momentum_confirmation,stop_loss,135.21955,134.83690,0.10000,-0.54097,0.50270,3,0.78084,"{'momentum_5': 0.0039012959494426624, 'momentum_20': 0.001121730754982453}"
NVDA,2025-05-14T19:55:00+00:00,2025-05-14T20:50:00+00:00,19,20,momentum_confirmation,take_profit,135.44532,136.41143,0.10000,-0.40611,0.50272,11,1.00000,"{'momentum_5': 0.003921571536229518, 'momentum_20': 0.003425881306298173}"
NVDA,2025-05-15T15:35:00+00:00,2025-05-15T16:05:00+00:00,15,16,momentum_confirmation,take_profit,134.42791,134.78182,0.10000,-0.46730,0.50269,6,1.00000,"{'momentum_5': 0.0036700867013155225, 'momentum_20': 0.005614612966012844}"
NVDA,2025-05-15T16:55:00+00:00,2025-05-15T17:15:00+00:00,16,17,momentum_confirmation,take_profit,135.88335,136.18150,0.10000,-0.47291,0.50272,4,1.00000,"{'momentum_5': 0.004549826144854663, 'momentum_20': 0.010605082907797936}"
NVDA,2025-05-16T17:05:00+00:00,2025-05-16T17:55:00+00:00,17,17,momentum_confirmation,trailing_stop,135.30828,135.44672,0.10000,-0.48886,0.50271,10,0.98786,"{'momentum_5': 0.0037876791296800327, 'momentum_20': 0.0025588551514477142}"
NVDA,2025-05-19T13:30:00+00:00,2025-05-19T14:05:00+00:00,13,14,momentum_confirmation,take_profit,132.84744,135.08183,0.10000,-0.27924,0.50268,7,1.00000,"{'momentum_5': 0.007055075102412323, 'momentum_20': 0.008432087511394792}"
NVDA,2025-05-19T15:10:00+00:00,2025-05-19T15:50:00+00:00,15,15,momentum_confirmation,structure_exit,135.11812,134.93657,0.10000,-0.52086,0.50270,8,1.00000,"{'momentum_5': 0.004398614284003566, 'momentum_20': 0.017099811676082988}"
NVDA,2025-05-19T17:00:00+00:00,2025-05-19T17:15:00+00:00,17,17,momentum_confirmation,structure_exit,135.52954,135.33316,0.10000,-0.52235,0.50271,3,1.00000,"{'momentum_5': 0.004124559777571868, 'momentum_20': 0.003975684791875045}"
NVDA,2025-05-20T15:45:00+00:00,2025-05-20T17:20:00+00:00,15,17,momentum_confirmation,time_stop,134.15933,133.97716,0.10000,-0.52090,0.50268,19,1.00000,"{'momentum_5': 0.0038676101688570608, 'momentum_20': 0.009841437234002548}"
NVDA,2025-05-20T19:50:00+00:00,2025-05-21T13:00:00+00:00,19,13,momentum_confirmation,stop_loss,134.38790,133.32236,0.10000,-0.60923,0.50268,14,0.82120,"{'momentum_5': 0.0035496767925866646, 'momentum_20': 0.001790376725102405}"
NVDA,2025-05-21T13:50:00+00:00,2025-05-21T14:10:00+00:00,13,14,momentum_confirmation,stop_loss,134.56296,133.75223,0.10000,-0.58376,0.50268,4,1.00000,"{'momentum_5': 0.010787040517176605, 'momentum_20': 0.008966759210625064}"
NVDA,2025-05-21T15:00:00+00:00,2025-05-21T15:20:00+00:00,15,15,momentum_confirmation,take_profit,134.96808,135.74183,0.10000,-0.42533,0.50271,4,1.00000,"{'momentum_5': 0.005517035711623208, 'momentum_20': 0.012537537537537613}"
NVDA,2025-05-22T13:50:00+00:00,2025-05-22T15:25:00+00:00,13,15,momentum_confirmation,time_stop,132.96308,132.78252,0.10000,-0.52071,0.50266,19,1.00000,"{'momentum_5': 0.004654820415878946, 'momentum_20': 0.011549418874658768}"
NVDA,2025-05-22T18:50:00+00:00,2025-05-22T19:35:00+00:00,18,19,momentum_confirmation,structure_exit,133.97778,133.35735,0.10000,-0.56472,0.50267,9,1.00000,"{'momentum_5': 0.004087448906888502, 'momentum_20': 0.005922228116232553}"
NVDA,2025-05-23T14:05:00+00:00,2025-05-23T14:15:00+00:00,14,14,momentum_confirmation,stop_loss,130.88686,130.36254,0.10000,-0.55504,0.50261,2,1.00000,"{'momentum_5': 0.0035025530657890602, 'momentum_20': 0.016647713183928436}"
NVDA,2025-05-23T17:05:00+00:00,2025-05-23T18:35:00+00:00,17,18,momentum_confirmation,trailing_stop,131.81713,131.90718,0.10000,-0.49363,0.50264,18,1.00000,"{'momentum_5': 0.005227610943641103, 'momentum_20': 0.005649717514124353}"
NVDA,2025-05-28T17:20:00+00:00,2025-05-28T18:05:00+00:00,17,18,momentum_confirmation,take_profit,136.37350,136.89099,0.10000,-0.45098,0.50273,9,1.00000,"{'momentum_5': 0.003756490995470152, 'momentum_20': 0.0038681428126283723}"
NVDA,2025-05-29T13:30:00+00:00,2025-05-29T13:45:00+00:00,13,13,momentum_confirmation,structure_exit,143.28776,140.99006,0.10000,-0.73261,0.50284,3,1.00000,"{'momentum_5': 0.008146864643480356, 'momentum_20': 0.009142293325815842}"
NVDA,2025-05-30T18:20:00+00:00,2025-05-30T18:30:00+00:00,18,18,momentum_confirmation,stop_loss,135.11802,134.38204,0.10000,-0.57629,0.50270,2,1.00000,"{'momentum_5': 0.008100197857169533, 'momentum_20': 0.01078157833862492}"
NVDA,2025-05-30T19:20:00+00:00,2025-05-30T19:50:00+00:00,19,19,momentum_confirmation,stop_loss,135.43322,134.65696,0.10000,-0.58033,0.50270,6,1.00000,"{'momentum_5': 0.0060211856532244035, 'momentum_20': 0.0064700851522701}"
NVDA,2025-06-02T13:30:00+00:00,2025-06-02T15:00:00+00:00,13,15,momentum_confirmation,time_stop,137.18874,136.38144,0.10000,-0.58347,0.50274,18,1.00000,"{'momentum_5': 0.015786217346685616, 'momentum_20': 0.021382804351065543}"
NVDA,2025-06-02T15:50:00+00:00,2025-06-02T17:45:00+00:00,15,17,momentum_confirmation,time_stop,137.41011,137.29577,0.10000,-0.51418,0.50275,23,1.00000,"{'momentum_5': 0.006239195543892295, 'momentum_20': 0.007456619831982092}"
NVDA,2025-06-03T13:40:00+00:00,2025-06-03T14:00:00+00:00,13,14,momentum_confirmation,take_profit,139.06930,140.94008,0.10000,-0.31572,0.50280,4,1.00000,"{'momentum_5': 0.005498878518196859, 'momentum_20': 0.006589149813523321}"
NVDA,2025-06-03T14:55:00+00:00,2025-06-03T15:10:00+00:00,14,15,momentum_confirmation,stop_loss,142.04479,141.49991,0.10000,-0.55732,0.50284,3,1.00000,"{'momentum_5': 0.0064244869308736074, 'momentum_20': 0.02702119962376104}"
NVDA,2025-06-05T14:55:00+00:00,2025-06-05T15:40:00+00:00,14,15,momentum_confirmation,take_profit,142.62537,143.73424,0.10000,-0.39198,0.50286,9,1.00000,"{'momentum_5': 0.00817005022281947, 'momentum_20': 0.003273264817682753}"
NVDA,2025-06-06T13:40:00+00:00,2025-06-06T14:25:00+00:00,13,14,momentum_confirmation,structure_exit,143.00048,141.54490,0.10000,-0.64840,0.50285,9,1.00000,"{'momentum_5': 0.003934241955880324, 'momentum_20': 0.015997156061144713}"
NVDA,2025-06-09T13:30:00+00:00,2025-06-09T15:00:00+00:00,13,15,momentum_confirmation,time_stop,144.53093,144.27408,0.10000,-0.52857,0.50289,18,1.00000,"{'momentum_5': 0.007042253521126973, 'momentum_20': 0.012336160370084892}"
NVDA,2025-06-10T18:55:00+00:00,2025-06-10T20:25:00+00:00,18,20,momentum_confirmation,time_stop,144.01088,143.85921,0.10000,-0.51805,0.50288,18,1.00000,"{'momentum_5': 0.005846641169300337, 'momentum_20': 0.008374032162001166}"
NVDA,2025-06-12T13:30:00+00:00,2025-06-13T13:00:00+00:00,13,13,momentum_confirmation,time_stop,143.50063,142.71955,0.10000,-0.58097,0.50286,90,1.00000,"{'momentum_5': 0.010784521040389183, 'momentum_20': 0.019842116492425843}"
NVDA,2025-06-13T15:30:00+00:00,2025-06-13T17:05:00+00:00,15,17,momentum_confirmation,time_stop,143.15552,142.82452,0.10000,-0.53596,0.50286,19,0.77362,"{'momentum_5': 0.004176610978520179, 'momentum_20': 0.0008122351578192522}"
NVDA,2025-06-16T13:30:00+00:00,2025-06-16T18:45:00+00:00,13,18,momentum_confirmation,trailing_stop,144.03089,144.80392,0.10000,-0.42558,0.50289,63,1.00000,"{'momentum_5': 0.0037673504200783636, 'momentum_20': 0.004747643979057692}"
NVDA,2025-06-17T16:00:00+00:00,2025-06-17T16:45:00+00:00,16,16,momentum_confirmation,structure_exit,144.91605,144.53900,0.10000,-0.54060,0.50289,9,0.99839,"{'momentum_5': 0.0036037284729202312, 'momentum_20': 0.0029434171341506943}"
NVDA,2025-06-18T14:20:00+00:00,2025-06-18T15:55:00+00:00,14,15,momentum_confirmation,time_stop,145.27956,145.04765,0.10000,-0.52609,0.50290,19,1.00000,"{'momentum_5': 0.004625285447374061, 'momentum_20': 0.004833887043189433}"
NVDA,2025-06-23T13:40:00+00:00,2025-06-23T16:20:00+00:00,13,16,momentum_confirmation,time_stop,143.48062,143.15442,0.10000,-0.53549,0.50287,32,1.00000,"{'momentum_5': 0.0035696787289143384, 'momentum_20': 0.0044836766148239615}"
NVDA,2025-06-23T17:25:00+00:00,2025-06-23T18:25:00+00:00,17,18,momentum_confirmation,stop_loss,144.50673,143.80912,0.10000,-0.57264,0.50288,12,1.00000,"{'momentum_5': 0.005331384015594631, 'momentum_20': 0.0030618553120549397}"
NVDA,2025-06-24T13:30:00+00:00,2025-06-24T14:05:00+00:00,13,14,momentum_confirmation,trailing_stop,146.06139,146.50341,0.10000,-0.45872,0.50293,7,1.00000,"{'momentum_5': 0.0037824083625610516, 'momentum_20': 0.0030236393622868896}"
NVDA,2025-06-24T17:45:00+00:00,2025-06-24T18:05:00+00:00,17,18,momentum_confirmation,stop_loss,147.67177,147.31317,0.10000,-0.53881,0.50295,4,1.00000,"{'momentum_5': 0.0036030987465323072, 'momentum_20': 0.005850938747132828}"
NVDA,2025-06-24T19:50:00+00:00,2025-06-25T13:00:00+00:00,19,13,momentum_confirmation,take_profit,147.93695,149.68746,0.10000,-0.32793,0.50298,14,1.00000,"{'momentum_5': 0.004119446982072228, 'momentum_20': 0.00332689039586076}"
NVDA,2025-06-25T13:50:00+00:00,2025-06-25T15:05:00+00:00,13,15,momentum_confirmation,trailing_stop,151.28225,151.69696,0.10000,-0.46156,0.50303,15,1.00000,"{'momentum_5': 0.012655234777949165, 'momentum_20': 0.011909638554217006}"
NVDA,2025-06-25T16:50:00+00:00,2025-06-25T17:25:00+00:00,16,17,momentum_confirmation,take_profit,152.78490,153.79623,0.10000,-0.40193,0.50307,7,1.00000,"{'momentum_5': 0.0035592217694229156, 'momentum_20': 0.0074761544983950046}"
NVDA,2025-06-25T19:05:00+00:00,2025-06-25T19:20:00+00:00,19,19,momentum_confirmation,stop_loss,154.37888,153.70626,0.10000,-0.57034,0.50308,3,1.00000,"{'momentum_5': 0.0052125753380030115, 'momentum_20': 0.002436647173489348}"
NVDA,2025-06-26T17:15:00+00:00,2025-06-26T18:25:00+00:00,17,18,momentum_confirmation,trailing_stop,156.07248,155.98058,0.10000,-0.51231,0.50312,14,1.00000,"{'momentum_5': 0.003494289850410004, 'momentum_20': 0.0038172164119065766}"
NVDA,2025-06-27T14:10:00+00:00,2025-06-27T15:20:00+00:00,14,15,momentum_confirmation,take_profit,156.71958,157.83503,0.10000,-0.39160,0.50315,14,1.00000,"{'momentum_5': 0.006587826981168554, 'momentum_20': 0.004973049281314257}"
NVDA,2025-06-27T19:50:00+00:00,2025-06-30T13:30:00+00:00,19,13,momentum_confirmation,time_stop,157.72988,157.12524,0.10000,-0.56361,0.50315,20,1.00000,"{'momentum_5': 0.007381606697769438, 'momentum_20': 0.003948918824241199}"
NVDA,2025-06-30T15:40:00+00:00,2025-06-30T17:10:00+00:00,15,17,momentum_confirmation,time_stop,158.01997,157.77004,0.10000,-0.52815,0.50316,18,1.00000,"{'momentum_5': 0.006693653778726771, 'momentum_20': 0.005967707618000473}"
NVDA,2025-06-30T19:50:00+00:00,2025-06-30T19:55:00+00:00,19,19,momentum_confirmation,stop_loss,158.62515,157.76505,0.10000,-0.58917,0.50316,1,1.00000,"{'momentum_5': 0.0036405077716927803, 'momentum_20': 0.005614235417261471}"
NVDA,2025-07-01T16:45:00+00:00,2025-07-01T17:05:00+00:00,16,17,momentum_confirmation,take_profit,154.11570,154.78094,0.10000,-0.43657,0.50309,4,1.00000,"{'momentum_5': 0.004112631869245931, 'momentum_20': 0.012803077631276194}"
NVDA,2025-07-02T13:30:00+00:00,2025-07-02T14:45:00+00:00,13,14,momentum_confirmation,take_profit,154.17382,156.62549,0.10000,-0.25794,0.50311,15,1.00000,"{'momentum_5': 0.013685110862556638, 'momentum_20': 0.012818827241651176}"
NVDA,2025-07-02T16:05:00+00:00,2025-07-02T17:35:00+00:00,16,17,momentum_confirmation,time_stop,157.02967,156.98028,0.10000,-0.50808,0.50314,18,1.00000,"{'momentum_5': 0.004543731979986587, 'momentum_20': 0.005381683057308573}"
NVDA,2025-07-03T13:55:00+00:00,2025-07-03T14:05:00+00:00,13,14,momentum_confirmation,take_profit,158.90973,159.47454,0.10000,-0.44670,0.50318,2,1.00000,"{'momentum_5': 0.004012141374559741, 'momentum_20': 0.009114819142899355}"
NVDA,2025-07-07T13:35:00+00:00,2025-07-07T14:55:00+00:00,13,14,momentum_confirmation,structure_exit,158.69517,157.60509,0.10000,-0.61217,0.50316,16,0.86852,"{'momentum_5': 0.003734177215189982, 'momentum_20': 0.0020218613761293636}"
NVDA,2025-07-08T16:25:00+00:00,2025-07-08T16:35:00+00:00,16,16,momentum_confirmation,stop_loss,159.83551,159.27609,0.10000,-0.55913,0.50319,2,1.00000,"{'momentum_5': 0.0034224287182476054, 'momentum_20': 0.004390316905172442}"
NVDA,2025-07-09T13:30:00+00:00,2025-07-09T15:00:00+00:00,13,15,momentum_confirmation,time_stop,163.47660,163.27840,0.10000,-0.52309,0.50327,18,1.00000,"{'momentum_5': 0.014720496894409907, 'momentum_20': 0.01693121693121702}"
NVDA,2025-07-10T16:40:00+00:00,2025-07-10T16:45:00+00:00,16,16,momentum_confirmation,stop_loss,163.59163,163.00348,0.10000,-0.56208,0.50327,1,1.00000,"{'momentum_5': 0.004300150505267775, 'momentum_20': 0.007674437669155321}"
NVDA,2025-07-10T17:35:00+00:00,2025-07-10T19:05:00+00:00,17,19,momentum_confirmation,time_stop,163.99675,163.72826,0.10000,-0.53013,0.50328,18,1.00000,"{'momentum_5': 0.00345936017143722, 'momentum_20': 0.005305934672596102}"
NVDA,2025-07-11T13:30:00+00:00,2025-07-11T16:00:00+00:00,13,16,momentum_confirmation,signal_exit,165.07708,166.11245,0.10000,-0.39977,0.50331,30,1.00000,"{'momentum_5': 0.010412200649231318, 'momentum_20': 0.010535987748851339}"
NVDA,2025-07-14T15:15:00+00:00,2025-07-14T15:30:00+00:00,15,15,momentum_confirmation,stop_loss,165.23192,164.49303,0.10000,-0.57719,0.50330,3,1.00000,"{'momentum_5': 0.006000369197251665, 'momentum_20': 0.0112983831455169}"
NVDA,2025-07-16T16:50:00+00:00,2025-07-16T18:05:00+00:00,16,18,momentum_confirmation,stop_loss,171.12899,170.64649,0.10000,-0.55167,0.50342,15,1.00000,"{'momentum_5': 0.0036685348748495272, 'momentum_20': 0.002667015311446974}"
NVDA,2025-07-21T14:25:00+00:00,2025-07-21T14:45:00+00:00,14,14,momentum_confirmation,stop_loss,173.18960,172.58062,0.10000,-0.56436,0.50346,4,1.00000,"{'momentum_5': 0.004702501886573174, 'momentum_20': 0.002723480678987089}"
NVDA,2025-07-22T15:45:00+00:00,2025-07-22T15:55:00+00:00,15,15,momentum_confirmation,stop_loss,168.59313,168.04697,0.10000,-0.55798,0.50337,2,1.00000,"{'momentum_5': 0.0041121606722489545, 'momentum_20': 0.010707858428314454}"
NVDA,2025-07-23T13:30:00+00:00,2025-07-23T13:50:00+00:00,13,13,momentum_confirmation,structure_exit,170.07857,168.93171,0.10000,-0.61808,0.50339,4,1.00000,"{'momentum_5': 0.00633570534973682, 'momentum_20': 0.00633510953226768}"
NVDA,2025-07-23T18:00:00+00:00,2025-07-23T19:35:00+00:00,18,19,momentum_confirmation,time_stop,170.31864,170.25101,0.10000,-0.51017,0.50341,19,1.00000,"{'momentum_5': 0.006893442976916742, 'momentum_20': 0.00854188343315454}"
NVDA,2025-07-24T15:00:00+00:00,2025-07-24T15:10:00+00:00,15,15,momentum_confirmation,structure_exit,173.18450,172.88043,0.10000,-0.53387,0.50346,2,1.00000,"{'momentum_5': 0.004964580188131507, 'momentum_20': 0.0038576671061232304}"
NVDA,2025-07-25T13:55:00+00:00,2025-07-25T15:25:00+00:00,13,15,momentum_confirmation,time_stop,174.39486,173.95830,0.10000,-0.54714,0.50348,18,1.00000,"{'momentum_5': 0.006001317207450896, 'momentum_20': 0.007136665703553868}"
NVDA,2025-07-28T13:50:00+00:00,2025-07-28T14:00:00+00:00,13,14,momentum_confirmation,trailing_stop,175.13998,174.76516,0.10000,-0.54098,0.50350,2,1.00000,"{'momentum_5': 0.005861157404746908, 'momentum_20': 0.003036676217764933}"
NVDA,2025-07-28T19:55:00+00:00,2025-07-29T13:00:00+00:00,19,13,momentum_confirmation,take_profit,176.86060,178.84874,0.10000,-0.30474,0.50356,13,1.00000,"{'momentum_5': 0.004289894599278421, 'momentum_20': 0.00689244223969343}"
NVDA,2025-07-30T13:30:00+00:00,2025-07-30T18:55:00+00:00,13,18,momentum_confirmation,trailing_stop,177.36075,178.02889,0.10000,-0.43674,0.50355,65,1.00000,"{'momentum_5': 0.0037943141918677092, 'momentum_20': 0.003396546844041781}"
NVDA,2025-07-31T16:20:00+00:00,2025-07-31T16:45:00+00:00,16,16,momentum_confirmation,stop_loss,181.50699,180.82465,0.10000,-0.57186,0.50362,5,1.00000,"{'momentum_5': 0.004429801489520768, 'momentum_20': 0.005376195094914715}"
NVDA,2025-08-01T15:35:00+00:00,2025-08-01T16:35:00+00:00,15,16,momentum_confirmation,trailing_stop,175.56521,175.35968,0.10000,-0.52406,0.50351,12,1.00000,"{'momentum_5': 0.005819196181607644, 'momentum_20': 0.018961612172600173}"
NVDA,2025-08-01T19:15:00+00:00,2025-08-01T19:55:00+00:00,19,19,momentum_confirmation,trailing_stop,173.85960,173.47035,0.10000,-0.54240,0.50347,8,1.00000,"{'momentum_5': 0.0050027474911067404, 'momentum_20': 0.0048864983661547345}"
NVDA,2025-08-04T13:35:00+00:00,2025-08-04T16:15:00+00:00,13,16,momentum_confirmation,take_profit,176.48549,178.71378,0.10000,-0.28072,0.50355,32,1.00000,"{'momentum_5': 0.004699515807462307, 'momentum_20': 0.006304558680892303}"
NVDA,2025-08-04T18:00:00+00:00,2025-08-04T18:25:00+00:00,18,18,momentum_confirmation,stop_loss,179.70645,179.15865,0.10000,-0.55837,0.50359,5,1.00000,"{'momentum_5': 0.004081290358650236, 'momentum_20': 0.004418220966975195}"
NVDA,2025-08-04T19:55:00+00:00,2025-08-05T13:00:00+00:00,19,13,momentum_confirmation,trailing_stop,180.08156,180.28831,0.10000,-0.48293,0.50360,13,1.00000,"{'momentum_5': 0.004240834774845048, 'momentum_20': 0.002996673397153149}"
NVDA,2025-08-05T17:25:00+00:00,2025-08-05T18:00:00+00:00,17,18,momentum_confirmation,take_profit,178.14098,178.86873,0.10000,-0.43079,0.50357,7,1.00000,"{'momentum_5': 0.0037776274244474273, 'momentum_20': 0.007983240856075158}"
NVDA,2025-08-06T13:30:00+00:00,2025-08-06T15:00:00+00:00,13,15,momentum_confirmation,time_stop,178.06596,177.36918,0.10000,-0.57323,0.50355,18,1.00000,"{'momentum_5': 0.006532805429864341, 'momentum_20': 0.0063051345849356455}"
NVDA,2025-08-06T15:50:00+00:00,2025-08-06T16:20:00+00:00,15,16,momentum_confirmation,stop_loss,179.15679,178.24392,0.10000,-0.59486,0.50357,6,1.00000,"{'momentum_5': 0.0050266629245017125, 'momentum_20': 0.00252246703435155}"
NVDA,2025-08-06T18:10:00+00:00,2025-08-06T18:15:00+00:00,18,18,momentum_confirmation,stop_loss,179.27632,178.83874,0.10000,-0.54734,0.50358,1,1.00000,"{'momentum_5': 0.00397859404331613, 'momentum_20': 0.0064889649395905025}"
NVDA,2025-08-06T19:20:00+00:00,2025-08-06T19:55:00+00:00,19,19,momentum_confirmation,stop_loss,179.93162,179.29861,0.10000,-0.56689,0.50359,7,1.00000,"{'momentum_5': 0.004132789814607962, 'momentum_20': 0.006944226677119358}"
NVDA,2025-08-07T13:40:00+00:00,2025-08-07T14:55:00+00:00,13,14,momentum_confirmation,stop_loss,183.11247,181.60042,0.10000,-0.65485,0.50365,15,1.00000,"{'momentum_5': 0.008042304726231242, 'momentum_20': 0.0068720392184911105}"
NVDA,2025-08-07T19:50:00+00:00,2025-08-07T20:10:00+00:00,19,20,momentum_confirmation,take_profit,180.24491,181.45666,0.10000,-0.38244,0.50362,4,1.00000,"{'momentum_5': 0.003695882320164934, 'momentum_20': 0.005881728836274247}"
NVDA,2025-08-08T15:05:00+00:00,2025-08-08T15:35:00+00:00,15,15,momentum_confirmation,stop_loss,183.33253,182.25622,0.10000,-0.61129,0.50366,6,1.00000,"{'momentum_5': 0.004991497997915539, 'momentum_20': 0.009031831699526371}"
NVDA,2025-08-11T14:25:00+00:00,2025-08-11T15:05:00+00:00,14,15,momentum_confirmation,stop_loss,183.45807,182.54773,0.10000,-0.59469,0.50366,8,1.00000,"{'momentum_5': 0.008778541953232466, 'momentum_20': 0.008945080343385259}"
NVDA,2025-08-12T15:20:00+00:00,2025-08-12T15:25:00+00:00,15,15,momentum_confirmation,stop_loss,182.55230,181.89783,0.10000,-0.56909,0.50364,1,1.00000,"{'momentum_5': 0.004932674908906698, 'momentum_20': 0.003685976783847744}"
NVDA,2025-08-13T17:55:00+00:00,2025-08-13T19:25:00+00:00,17,19,momentum_confirmation,time_stop,181.40196,181.15305,0.10000,-0.52852,0.50363,18,1.00000,"{'momentum_5': 0.004042977403633019, 'momentum_20': 0.007446512920255666}"
NVDA,2025-08-14T14:15:00+00:00,2025-08-14T15:20:00+00:00,14,15,momentum_confirmation,structure_exit,182.58521,181.69029,0.10000,-0.59313,0.50364,13,1.00000,"{'momentum_5': 0.005304941876480784, 'momentum_20': 0.01070621468926558}"
NVDA,2025-08-18T13:30:00+00:00,2025-08-18T15:00:00+00:00,13,15,momentum_confirmation,time_stop,182.51739,181.38798,0.10000,-0.61658,0.50364,18,1.00000,"{'momentum_5': 0.01133954942312565, 'momentum_20': 0.014150450350272292}"
NVDA,2025-08-20T16:15:00+00:00,2025-08-20T16:35:00+00:00,16,16,momentum_confirmation,trailing_stop,173.60463,173.44036,0.10000,-0.51990,0.50347,4,1.00000,"{'momentum_5': 0.008691860465116275, 'momentum_20': 0.02164056059356967}"
NVDA,2025-08-20T17:35:00+00:00,2025-08-20T17:50:00+00:00,17,17,momentum_confirmation,stop_loss,174.16479,173.74037,0.10000,-0.54592,0.50348,3,1.00000,"{'momentum_5': 0.005778509722342617, 'momentum_20': 0.012330241079477666}"
NVDA,2025-08-20T19:10:00+00:00,2025-08-20T19:55:00+00:00,19,19,momentum_confirmation,take_profit,174.39986,175.27981,0.10000,-0.41550,0.50350,9,0.81211,"{'momentum_5': 0.0036191095896327408, 'momentum_20': 0.001292620572774572}"
NVDA,2025-08-22T13:45:00+00:00,2025-08-22T13:55:00+00:00,13,13,momentum_confirmation,stop_loss,174.96903,173.68029,0.10000,-0.63236,0.50349,2,1.00000,"{'momentum_5': 0.014145690755132945, 'momentum_20': 0.012325008785382563}"
NVDA,2025-08-22T14:55:00+00:00,2025-08-22T16:05:00+00:00,14,16,momentum_confirmation,trailing_stop,177.52360,177.46415,0.10000,-0.50949,0.50355,14,1.00000,"{'momentum_5': 0.004318143221058612, 'momentum_20': 0.027825171093894374}"
NVDA,2025-08-25T14:00:00+00:00,2025-08-25T15:30:00+00:00,14,15,momentum_confirmation,take_profit,179.44397,181.32800,0.10000,-0.31520,0.50361,18,1.00000,"{'momentum_5': 0.011236043757753444, 'momentum_20': 0.008392937471884965}"
NVDA,2025-08-26T14:40:00+00:00,2025-08-26T16:45:00+00:00,14,16,momentum_confirmation,time_stop,181.47198,181.30800,0.10000,-0.52003,0.50363,25,1.00000,"{'momentum_5': 0.005610258377960031, 'momentum_20': 0.00437503461261568}"
NVDA,2025-08-27T16:50:00+00:00,2025-08-27T16:55:00+00:00,16,16,momentum_confirmation,stop_loss,182.15218,181.76787,0.10000,-0.54207,0.50364,1,0.62137,"{'momentum_5': 0.0035048802618682373, 'momentum_20': 0.0005771291944924872}"
NVDA,2025-08-28T17:25:00+00:00,2025-08-28T18:40:00+00:00,17,18,momentum_confirmation,take_profit,180.03155,180.83815,0.10000,-0.42295,0.50361,15,1.00000,"{'momentum_5': 0.0038778072255545304, 'momentum_20': 0.004169154950801612}"
NVDA,2025-08-28T19:45:00+00:00,2025-08-28T19:55:00+00:00,19,19,momentum_confirmation,structure_exit,180.83189,180.08837,0.10000,-0.57796,0.50361,2,1.00000,"{'momentum_5': 0.003666000222148247, 'momentum_20': 0.00369387131709753}"
NVDA,2025-09-02T13:40:00+00:00,2025-09-02T14:00:00+00:00,13,14,momentum_confirmation,trailing_stop,170.91922,170.78615,0.10000,-0.51672,0.50342,4,1.00000,"{'momentum_5': 0.006246833578792188, 'momentum_20': 0.005595196043800543}"
NVDA,2025-09-02T17:30:00+00:00,2025-09-02T17:50:00+00:00,17,17,momentum_confirmation,stop_loss,169.51420,169.03168,0.10000,-0.55164,0.50339,4,1.00000,"{'momentum_5': 0.0036096720014928696, 'momentum_20': 0.011196800573031629}"
NVDA,2025-09-02T18:50:00+00:00,2025-09-02T19:35:00+00:00,18,19,momentum_confirmation,take_profit,170.03356,170.64769,0.10000,-0.44199,0.50341,9,1.00000,"{'momentum_5': 0.0042955539716142965, 'momentum_20': 0.008786250704978071}"
NVDA,2025-09-03T14:40:00+00:00,2025-09-03T15:10:00+00:00,14,15,momentum_confirmation,stop_loss,172.16910,171.22522,0.10000,-0.59782,0.50343,6,1.00000,"{'momentum_5': 0.004960557348668848, 'momentum_20': 0.004377444399042751}"
NVDA,2025-09-04T19:55:00+00:00,2025-09-05T13:00:00+00:00,19,13,momentum_confirmation,structure_exit,171.74907,168.89172,0.10000,-0.78914,0.50341,13,1.00000,"{'momentum_5': 0.0039188161665788535, 'momentum_20': 0.006450099683358745}"
NVDA,2025-09-05T19:15:00+00:00,2025-09-05T20:45:00+00:00,19,20,momentum_confirmation,time_stop,166.91763,166.76236,0.10000,-0.51886,0.50334,18,1.00000,"{'momentum_5': 0.004214075010535057, 'momentum_20': 0.0033406594464153727}"
NVDA,2025-09-08T13:35:00+00:00,2025-09-08T13:50:00+00:00,13,13,momentum_confirmation,take_profit,169.50840,170.63620,0.10000,-0.39062,0.50340,3,1.00000,"{'momentum_5': 0.012855007473841606, 'momentum_20': 0.010619257845125851}"
NVDA,2025-09-09T16:05:00+00:00,2025-09-09T16:50:00+00:00,16,16,momentum_confirmation,stop_loss,168.67065,168.20422,0.10000,-0.55001,0.50337,9,1.00000,"{'momentum_5': 0.005263600467318996, 'momentum_20': 0.00287065683008092}"
NVDA,2025-09-09T18:50:00+00:00,2025-09-09T19:15:00+00:00,18,19,momentum_confirmation,take_profit,168.98324,169.61650,0.10000,-0.44006,0.50339,5,1.00000,"{'momentum_5': 0.0037445392136468136, 'momentum_20': 0.004759779860181501}"
NVDA,2025-09-10T13:30:00+00:00,2025-09-10T16:05:00+00:00,13,16,momentum_confirmation,stale_breakout,177.48078,177.52914,0.10000,-0.49871,0.50355,31,1.00000,"{'momentum_5': 0.006753884235506602, 'momentum_20': 0.010540109389243435}"
NVDA,2025-09-12T14:35:00+00:00,2025-09-12T15:35:00+00:00,14,15,momentum_confirmation,structure_exit,178.09677,177.33419,0.10000,-0.57981,0.50355,12,1.00000,"{'momentum_5': 0.0042361835980477824, 'momentum_20': 0.0021722972972972876}"
NVDA,2025-09-15T15:25:00+00:00,2025-09-15T16:00:00+00:00,15,16,momentum_confirmation,trailing_stop,177.13238,177.27421,0.10000,-0.48936,0.50354,7,1.00000,"{'momentum_5': 0.009187612343872997, 'momentum_20': 0.006376918703808965}"
NVDA,2025-09-17T17:35:00+00:00,2025-09-17T18:05:00+00:00,17,18,momentum_confirmation,stop_loss,170.86381,170.06137,0.10000,-0.58365,0.50341,6,1.00000,"{'momentum_5': 0.004263953419984645, 'momentum_20': 0.006989452131216822}"
NVDA,2025-09-18T15:15:00+00:00,2025-09-18T15:50:00+00:00,15,15,momentum_confirmation,stop_loss,176.41046,175.61591,0.10000,-0.58298,0.50352,7,1.00000,"{'momentum_5': 0.00430146361415229, 'momentum_20': 0.014938536634790944}"
NVDA,2025-09-19T13:45:00+00:00,2025-09-19T14:40:00+00:00,13,14,momentum_confirmation,trailing_stop,177.01064,177.22922,0.10000,-0.48168,0.50354,11,1.00000,"{'momentum_5': 0.00832193342453258, 'momentum_20': 0.005763954193108933}"
NVDA,2025-09-22T16:00:00+00:00,2025-09-22T16:15:00+00:00,16,16,momentum_confirmation,take_profit,177.34574,180.88313,0.10000,-0.14984,0.50358,3,1.00000,"{'momentum_5': 0.00873648264086535, 'momentum_20': 0.011211274034347074}"
NVDA,2025-09-22T19:10:00+00:00,2025-09-22T19:15:00+00:00,19,19,momentum_confirmation,stop_loss,184.00774,183.33730,0.10000,-0.57072,0.50367,1,1.00000,"{'momentum_5': 0.004482330680859903, 'momentum_20': 0.007615677589283942}"
NVDA,2025-09-23T19:50:00+00:00,2025-09-23T19:55:00+00:00,19,19,momentum_confirmation,stop_loss,178.87120,178.32890,0.10000,-0.55780,0.50357,1,1.00000,"{'momentum_5': 0.003705783267827112, 'momentum_20': 0.004861853980238751}"
NVDA,2025-09-25T14:10:00+00:00,2025-09-25T14:30:00+00:00,14,14,momentum_confirmation,take_profit,176.46688,177.45926,0.10000,-0.40430,0.50354,4,1.00000,"{'momentum_5': 0.006374711608640338, 'momentum_20': 0.00752056672760526}"
NVDA,2025-09-25T15:30:00+00:00,2025-09-25T16:35:00+00:00,15,16,momentum_confirmation,trailing_stop,178.91521,179.03369,0.10000,-0.49173,0.50358,13,1.00000,"{'momentum_5': 0.006325979288608785, 'momentum_20': 0.023989920682644605}"
NVDA,2025-09-25T19:50:00+00:00,2025-09-25T20:30:00+00:00,19,20,momentum_confirmation,structure_exit,177.87080,177.34189,0.10000,-0.55644,0.50355,8,1.00000,"{'momentum_5': 0.003867852604828359, 'momentum_20': 0.0085954211466992}"
NVDA,2025-09-26T16:40:00+00:00,2025-09-26T20:05:00+00:00,16,20,momentum_confirmation,take_profit,177.16569,178.08897,0.10000,-0.41122,0.50355,41,1.00000,"{'momentum_5': 0.004026198644702106, 'momentum_20': 0.00422551188247966}"
NVDA,2025-09-29T13:30:00+00:00,2025-09-29T15:20:00+00:00,13,15,momentum_confirmation,stale_breakout,182.47228,182.50265,0.10000,-0.50061,0.50365,22,1.00000,"{'momentum_5': 0.011313220940550206, 'momentum_20': 0.013392609058071825}"
NVDA,2025-09-30T13:40:00+00:00,2025-09-30T14:30:00+00:00,13,14,momentum_confirmation,take_profit,183.24221,185.77107,0.10000,-0.25080,0.50369,10,1.00000,"{'momentum_5': 0.0034289678193180073, 'momentum_20': 0.006594294508877052}"
NVDA,2025-09-30T16:00:00+00:00,2025-09-30T16:30:00+00:00,16,16,momentum_confirmation,structure_exit,186.92521,186.53654,0.10000,-0.54260,0.50373,6,1.00000,"{'momentum_5': 0.005065906278581833, 'momentum_20': 0.013297895422000439}"
NVDA,2025-10-01T14:30:00+00:00,2025-10-01T16:00:00+00:00,14,16,momentum_confirmation,time_stop,187.29372,186.96621,0.10000,-0.53649,0.50374,18,1.00000,"{'momentum_5': 0.012549490127940155, 'momentum_20': 0.011893177640826202}"
NVDA,2025-10-01T17:15:00+00:00,2025-10-01T18:45:00+00:00,17,18,momentum_confirmation,time_stop,187.60881,187.38469,0.10000,-0.52616,0.50375,18,0.98533,"{'momentum_5': 0.0036936912823533063, 'momentum_20': 0.0025666390396492655}"
NVDA,2025-10-03T13:35:00+00:00,2025-10-03T13:40:00+00:00,13,13,momentum_confirmation,stop_loss,190.41455,189.40558,0.10000,-0.60469,0.50380,1,1.00000,"{'momentum_5': 0.004221108179419675, 'momentum_20': 0.004327105763141326}"
NVDA,2025-10-06T13:55:00+00:00,2025-10-06T14:05:00+00:00,13,14,momentum_confirmation,stop_loss,186.40855,185.13186,0.10000,-0.63138,0.50372,2,1.00000,"{'momentum_5': 0.010414101694915301, 'momentum_20': 0.002610731392282295}"
NVDA,2025-10-06T15:35:00+00:00,2025-10-06T15:50:00+00:00,15,15,momentum_confirmation,trailing_stop,186.57850,186.39648,0.10000,-0.52193,0.50373,3,0.89543,"{'momentum_5': 0.00472660379615486, 'momentum_20': 0.0009119939279134126}"
NVDA,2025-10-07T13:45:00+00:00,2025-10-07T15:00:00+00:00,13,15,momentum_confirmation,structure_exit,188.08895,186.28152,0.10000,-0.68449,0.50374,15,1.00000,"{'momentum_5': 0.007422691462565023, 'momentum_20': 0.009527338736097013}"
NVDA,2025-10-08T13:30:00+00:00,2025-10-08T15:10:00+00:00,13,15,momentum_confirmation,time_stop,188.00393,187.94162,0.10000,-0.50999,0.50376,20,1.00000,"{'momentum_5': 0.007723250201126186, 'momentum_20': 0.008642903156538484}"
NVDA,2025-10-08T17:45:00+00:00,2025-10-08T17:50:00+00:00,17,17,momentum_confirmation,stop_loss,188.90920,188.40088,0.10000,-0.55460,0.50377,1,1.00000,"{'momentum_5': 0.003588668716068666, 'momentum_20': 0.005351722668938574}"
NVDA,2025-10-09T13:45:00+00:00,2025-10-09T14:35:00+00:00,13,14,momentum_confirmation,structure_exit,194.14577,192.36210,0.10000,-0.68223,0.50387,10,1.00000,"{'momentum_5': 0.006640726329442348, 'momentum_20': 0.00920628315822336}"
NVDA,2025-10-10T14:15:00+00:00,2025-10-10T14:55:00+00:00,14,14,momentum_confirmation,trailing_stop,194.83597,194.03540,0.10000,-0.58395,0.50389,8,1.00000,"{'momentum_5': 0.00653846809931613, 'momentum_20': 0.004597353645405811}"
NVDA,2025-10-13T14:00:00+00:00,2025-10-13T14:10:00+00:00,14,14,momentum_confirmation,stop_loss,189.99723,189.22784,0.10000,-0.58073,0.50379,2,1.00000,"{'momentum_5': 0.009799510742395379, 'momentum_20': 0.00715361685425453}"
NVDA,2025-10-13T17:00:00+00:00,2025-10-13T17:10:00+00:00,17,17,momentum_confirmation,stop_loss,189.52438,188.67580,0.10000,-0.58864,0.50378,2,1.00000,"{'momentum_5': 0.0045611243701935145, 'momentum_20': 0.004321429518279851}"
NVDA,2025-10-14T15:45:00+00:00,2025-10-14T16:05:00+00:00,15,16,momentum_confirmation,structure_exit,182.82238,182.03779,0.10000,-0.58211,0.50365,4,1.00000,"{'momentum_5': 0.004663981110931692, 'momentum_20': 0.007276582349312388}"
NVDA,2025-10-15T18:30:00+00:00,2025-10-15T19:35:00+00:00,18,19,momentum_confirmation,stop_loss,180.29663,179.45856,0.10000,-0.58740,0.50360,13,0.60432,"{'momentum_5': 0.00353661932609306, 'momentum_20': 0.00012766288118459812}"
NVDA,2025-10-16T14:35:00+00:00,2025-10-16T15:40:00+00:00,14,15,momentum_confirmation,stop_loss,182.90741,182.03929,0.10000,-0.59046,0.50365,13,1.00000,"{'momentum_5': 0.004809806508355274, 'momentum_20': 0.001726216571679151}"
NVDA,2025-10-17T13:30:00+00:00,2025-10-17T14:55:00+00:00,13,14,momentum_confirmation,trailing_stop,181.12187,181.13806,0.10000,-0.50200,0.50362,17,1.00000,"{'momentum_5': 0.004606504606504469, 'momentum_20': 0.007233876801513439}"
NVDA,2025-10-17T18:05:00+00:00,2025-10-17T18:20:00+00:00,18,18,momentum_confirmation,take_profit,183.19749,183.64361,0.10000,-0.45906,0.50367,3,1.00000,"{'momentum_5': 0.005298704151109224, 'momentum_20': 0.002491376006132695}"
NVDA,2025-10-20T14:20:00+00:00,2025-10-20T15:50:00+00:00,14,15,momentum_confirmation,time_stop,184.46277,183.42737,0.10000,-0.60722,0.50368,18,1.00000,"{'momentum_5': 0.007706898436645959, 'momentum_20': 0.007376502732240331}"
NVDA,2025-10-21T16:00:00+00:00,2025-10-21T16:45:00+00:00,16,16,momentum_confirmation,stop_loss,182.54730,181.94781,0.10000,-0.56359,0.50364,9,1.00000,"{'momentum_5': 0.004487391256469575, 'momentum_20': 0.008039562382583743}"
NVDA,2025-10-22T13:40:00+00:00,2025-10-22T14:10:00+00:00,13,14,momentum_confirmation,trailing_stop,182.25221,181.77786,0.10000,-0.55107,0.50364,6,1.00000,"{'momentum_5': 0.004079382579933677, 'momentum_20': 0.005235902606802734}"
NVDA,2025-10-22T18:55:00+00:00,2025-10-22T19:35:00+00:00,18,19,momentum_confirmation,take_profit,178.98133,179.98340,0.10000,-0.40338,0.50359,8,1.00000,"{'momentum_5': 0.0052948383615845085, 'momentum_20': 0.005843188195534088}"
NVDA,2025-10-23T13:30:00+00:00,2025-10-23T14:20:00+00:00,13,14,momentum_confirmation,take_profit,180.29162,181.57792,0.10000,-0.37499,0.50362,10,1.00000,"{'momentum_5': 0.006086325311295937, 'momentum_20': 0.002169197396963307}"
NVDA,2025-10-23T17:50:00+00:00,2025-10-23T17:55:00+00:00,17,17,momentum_confirmation,stop_loss,182.72235,182.40768,0.10000,-0.53512,0.50365,1,1.00000,"{'momentum_5': 0.004565958851358909, 'momentum_20': 0.002713107422251504}"
NVDA,2025-10-24T13:30:00+00:00,2025-10-24T15:00:00+00:00,13,15,momentum_confirmation,time_stop,185.18309,184.60202,0.10000,-0.56180,0.50370,18,1.00000,"{'momentum_5': 0.004778220738487882, 'momentum_20': 0.009986902423051669}"
NVDA,2025-10-24T17:50:00+00:00,2025-10-24T17:55:00+00:00,17,17,momentum_confirmation,stop_loss,185.74826,185.37179,0.10000,-0.54136,0.50371,1,0.80993,"{'momentum_5': 0.0034324324324324085, 'momentum_20': 0.001966311996446146}"
NVDA,2025-10-24T19:00:00+00:00,2025-10-24T19:45:00+00:00,19,19,momentum_confirmation,trailing_stop,186.58350,186.43147,0.10000,-0.51893,0.50373,9,1.00000,"{'momentum_5': 0.006851471184566416, 'momentum_20': 0.007183752835691948}"
NVDA,2025-10-27T13:55:00+00:00,2025-10-27T14:05:00+00:00,13,14,momentum_confirmation,structure_exit,191.16988,189.96542,0.10000,-0.62426,0.50381,2,1.00000,"{'momentum_5': 0.004917946560067277, 'momentum_20': 0.0030192162007645074}"
NVDA,2025-10-27T15:15:00+00:00,2025-10-27T15:30:00+00:00,15,15,momentum_confirmation,structure_exit,191.24410,190.68520,0.10000,-0.55971,0.50382,3,1.00000,"{'momentum_5': 0.00427817040170253, 'momentum_20': 0.003144911562483532}"
NVDA,2025-10-28T13:30:00+00:00,2025-10-28T13:50:00+00:00,13,13,momentum_confirmation,structure_exit,195.40614,192.99461,0.10000,-0.74504,0.50388,4,1.00000,"{'momentum_5': 0.010712653600738253, 'momentum_20': 0.014493506493506558}"
NVDA,2025-10-28T16:15:00+00:00,2025-10-28T16:50:00+00:00,16,16,momentum_confirmation,trailing_stop,194.25580,194.29412,0.10000,-0.50005,0.50389,7,1.00000,"{'momentum_5': 0.005969283064231945, 'momentum_20': 0.006376030273184341}"
NVDA,2025-10-28T17:40:00+00:00,2025-10-28T18:30:00+00:00,17,18,momentum_confirmation,take_profit,197.26660,199.62323,0.10000,-0.26831,0.50397,10,1.00000,"{'momentum_5': 0.010558716489825093, 'momentum_20': 0.01820477727566172}"
NVDA,2025-10-28T19:25:00+00:00,2025-10-28T19:40:00+00:00,19,19,momentum_confirmation,trailing_stop,202.13315,201.47697,0.10000,-0.56965,0.50404,3,1.00000,"{'momentum_5': 0.008990335389456261, 'momentum_20': 0.0256234515251208}"
NVDA,2025-10-29T13:30:00+00:00,2025-10-29T15:00:00+00:00,13,15,momentum_confirmation,time_stop,210.91078,208.04501,0.10000,-0.79077,0.50419,18,1.00000,"{'momentum_5': 0.011711063114950848, 'momentum_20': 0.012002496519275985}"
NVDA,2025-10-29T17:50:00+00:00,2025-10-29T18:35:00+00:00,17,18,momentum_confirmation,structure_exit,207.76984,204.91095,0.10000,-0.79002,0.50413,9,1.00000,"{'momentum_5': 0.004163664411549917, 'momentum_20': 0.00829849325777765}"
NVDA,2025-10-30T17:40:00+00:00,2025-10-30T18:00:00+00:00,17,18,momentum_confirmation,trailing_stop,203.73453,203.75129,0.10000,-0.50240,0.50407,4,1.00000,"{'momentum_5': 0.004271272143660854, 'momentum_20': 0.0029351788001181767}"
NVDA,2025-10-31T18:25:00+00:00,2025-10-31T18:50:00+00:00,18,18,momentum_confirmation,stop_loss,204.38383,203.54535,0.10000,-0.58793,0.50408,5,1.00000,"{'momentum_5': 0.003463352328551661, 'momentum_20': 0.004647351639114783}"
NVDA,2025-11-03T14:00:00+00:00,2025-11-03T15:30:00+00:00,14,15,momentum_confirmation,time_stop,208.33001,207.51527,0.10000,-0.58563,0.50416,18,1.00000,"{'momentum_5': 0.007788446226516976, 'momentum_20': 0.008378535451375457}"
NVDA,2025-11-03T16:55:00+00:00,2025-11-03T18:20:00+00:00,16,18,momentum_confirmation,take_profit,209.29719,211.01922,0.10000,-0.33200,0.50420,17,1.00000,"{'momentum_5': 0.0052420608584620165, 'momentum_20': 0.006108019451004365}"
NVDA,2025-11-04T14:55:00+00:00,2025-11-04T15:05:00+00:00,14,15,momentum_confirmation,stop_loss,203.91869,202.37171,0.10000,-0.65876,0.50406,2,1.00000,"{'momentum_5': 0.012821787098697968, 'momentum_20': 0.005625185038981684}"
NVDA,2025-11-05T13:30:00+00:00,2025-11-05T13:40:00+00:00,13,13,momentum_confirmation,take_profit,198.95720,199.83246,0.10000,-0.41646,0.50399,2,1.00000,"{'momentum_5': 0.006784810126582386, 'momentum_20': 0.012681436210848052}"
NVDA,2025-11-05T14:50:00+00:00,2025-11-05T15:45:00+00:00,14,15,momentum_confirmation,take_profit,200.29740,201.55195,0.10000,-0.37856,0.50402,11,1.00000,"{'momentum_5': 0.007295325315755052, 'momentum_20': 0.012594466083261757}"
NVDA,2025-11-06T18:35:00+00:00,2025-11-06T18:45:00+00:00,18,18,momentum_confirmation,stop_loss,189.86208,189.09568,0.10000,-0.58043,0.50379,2,1.00000,"{'momentum_5': 0.007259794033336986, 'momentum_20': 0.0039024390243902474}"
NVDA,2025-11-06T19:40:00+00:00,2025-11-06T20:35:00+00:00,19,20,momentum_confirmation,stop_loss,190.32462,188.97571,0.10000,-0.63868,0.50379,11,1.00000,"{'momentum_5': 0.005178882840987331, 'momentum_20': 0.008002119766825855}"
NVDA,2025-11-07T17:35:00+00:00,2025-11-07T18:10:00+00:00,17,18,momentum_confirmation,take_profit,182.32223,183.60732,0.10000,-0.37515,0.50366,7,1.00000,"{'momentum_5': 0.004968862566743892, 'momentum_20': 0.009472006417717838}"
NVDA,2025-11-07T19:10:00+00:00,2025-11-07T19:40:00+00:00,19,19,momentum_confirmation,take_profit,185.20309,186.47686,0.10000,-0.37634,0.50372,6,1.00000,"{'momentum_5': 0.005322904785182825, 'momentum_20': 0.01374739840070105}"
NVDA,2025-11-10T13:35:00+00:00,2025-11-10T13:55:00+00:00,13,13,momentum_confirmation,stop_loss,194.84597,194.28412,0.10000,-0.56008,0.50389,4,1.00000,"{'momentum_5': 0.004280556988138118, 'momentum_20': 0.0031423861528949715}"
NVDA,2025-11-10T14:55:00+00:00,2025-11-10T15:50:00+00:00,14,15,momentum_confirmation,trailing_stop,195.14106,195.21884,0.10000,-0.49613,0.50390,11,1.00000,"{'momentum_5': 0.0035598652211767945, 'momentum_20': 0.0066326003922783094}"
NVDA,2025-11-10T17:40:00+00:00,2025-11-10T18:40:00+00:00,17,18,momentum_confirmation,take_profit,196.39644,197.35331,0.10000,-0.40825,0.50394,12,1.00000,"{'momentum_5': 0.004379705471331263, 'momentum_20': 0.00729141862431959}"
NVDA,2025-11-11T17:50:00+00:00,2025-11-11T20:45:00+00:00,17,20,momentum_confirmation,time_stop,193.58580,193.22944,0.10000,-0.53950,0.50387,35,1.00000,"{'momentum_5': 0.0054578526140733885, 'momentum_20': 0.005666386492158004}"
NVDA,2025-11-14T14:05:00+00:00,2025-11-14T14:20:00+00:00,14,14,momentum_confirmation,take_profit,181.88210,182.53764,0.10000,-0.43809,0.50364,3,1.00000,"{'momentum_5': 0.004920389208314946, 'momentum_20': 0.003477972838688448}"
NVDA,2025-11-14T15:45:00+00:00,2025-11-14T18:00:00+00:00,15,18,momentum_confirmation,time_stop,188.95861,188.74588,0.10000,-0.52505,0.50378,27,1.00000,"{'momentum_5': 0.015729345955249663, 'momentum_20': 0.038919513671122896}"
NVDA,2025-11-14T19:35:00+00:00,2025-11-14T20:05:00+00:00,19,20,momentum_confirmation,trailing_stop,190.28281,190.03529,0.10000,-0.52855,0.50380,6,1.00000,"{'momentum_5': 0.0052528221298326905, 'momentum_20': 0.003949952486538066}"
NVDA,2025-11-18T16:35:00+00:00,2025-11-18T17:25:00+00:00,16,17,momentum_confirmation,stop_loss,183.06265,181.46796,0.10000,-0.66311,0.50365,10,1.00000,"{'momentum_5': 0.005331355093966428, 'momentum_20': 0.013995843148122411}"
NVDA,2025-11-18T19:55:00+00:00,2025-11-18T20:05:00+00:00,19,20,momentum_confirmation,structure_exit,184.11777,183.15735,0.10000,-0.59971,0.50367,2,0.69779,"{'momentum_5': 0.004120054570259102, 'momentum_20': 0.00035011302561804847}"
NVDA,2025-11-19T14:35:00+00:00,2025-11-19T15:50:00+00:00,14,15,momentum_confirmation,trailing_stop,185.09806,186.11657,0.10000,-0.40186,0.50371,15,1.00000,"{'momentum_5': 0.003771230126431213, 'momentum_20': 0.004316195233183162}"
NVDA,2025-11-19T18:50:00+00:00,2025-11-19T19:30:00+00:00,18,19,momentum_confirmation,structure_exit,185.35314,184.44707,0.10000,-0.59431,0.50370,8,1.00000,"{'momentum_5': 0.005318571583631915, 'momentum_20': 0.005755239439678483}"
NVDA,2025-11-20T14:00:00+00:00,2025-11-20T14:30:00+00:00,14,14,momentum_confirmation,structure_exit,196.46486,192.68460,0.10000,-0.88192,0.50389,6,1.00000,"{'momentum_5': 0.004442398199304254, 'momentum_20': 0.004545175483474884}"
NVDA,2025-11-21T16:55:00+00:00,2025-11-21T18:10:00+00:00,16,18,momentum_confirmation,structure_exit,181.23191,179.00369,0.10000,-0.72642,0.50360,15,1.00000,"{'momentum_5': 0.008687903764758254, 'momentum_20': 0.01908018335791195}"
NVDA,2025-11-21T19:00:00+00:00,2025-11-21T19:40:00+00:00,19,19,momentum_confirmation,stop_loss,183.96272,182.26772,0.10000,-0.67316,0.50366,8,1.00000,"{'momentum_5': 0.019042261015605577, 'momentum_20': 0.01591423992926999}"
NVDA,2025-11-24T16:10:00+00:00,2025-11-24T18:40:00+00:00,16,18,momentum_confirmation,time_stop,181.59902,181.52794,0.10000,-0.51074,0.50363,30,1.00000,"{'momentum_5': 0.01434719427677189, 'momentum_20': 0.009634775313746236}"
NVDA,2025-11-25T16:20:00+00:00,2025-11-25T18:40:00+00:00,16,18,momentum_confirmation,take_profit,174.03976,176.25452,0.10000,-0.28203,0.50350,28,1.00000,"{'momentum_5': 0.007881443982989067, 'momentum_20': 0.013253327896070699}"
NVDA,2025-11-26T13:35:00+00:00,2025-11-26T13:45:00+00:00,13,13,momentum_confirmation,take_profit,179.14128,181.06808,0.10000,-0.31092,0.50360,2,1.00000,"{'momentum_5': 0.005108915337974418, 'momentum_20': 0.012326830647441334}"
NVDA,2025-11-26T16:35:00+00:00,2025-11-26T16:45:00+00:00,16,16,momentum_confirmation,stop_loss,181.57701,181.00310,0.10000,-0.56102,0.50363,2,1.00000,"{'momentum_5': 0.007813029342734756, 'momentum_20': 0.015302411458624876}"
NVDA,2025-11-26T17:40:00+00:00,2025-11-26T18:05:00+00:00,17,18,momentum_confirmation,structure_exit,181.48208,180.66320,0.10000,-0.58551,0.50362,5,1.00000,"{'momentum_5': 0.0051267699298955804, 'momentum_20': 0.002792690680894605}"
NVDA,2025-12-01T14:30:00+00:00,2025-12-01T19:20:00+00:00,14,19,momentum_confirmation,signal_exit,175.97533,178.89873,0.10000,-0.21121,0.50355,58,1.00000,"{'momentum_5': 0.0047132084095065085, 'momentum_20': 0.012638912880750919}"
NVDA,2025-12-02T13:55:00+00:00,2025-12-02T14:25:00+00:00,13,14,momentum_confirmation,stop_loss,182.45227,181.62791,0.10000,-0.58608,0.50364,6,1.00000,"{'momentum_5': 0.005196879997662496, 'momentum_20': 0.005126509012733704}"
NVDA,2025-12-02T15:50:00+00:00,2025-12-02T15:55:00+00:00,15,15,momentum_confirmation,stop_loss,184.37484,183.57063,0.10000,-0.58410,0.50368,1,1.00000,"{'momentum_5': 0.005495075168481023, 'momentum_20': 0.011372742741094566}"
NVDA,2025-12-03T16:35:00+00:00,2025-12-03T16:50:00+00:00,16,16,momentum_confirmation,stop_loss,181.16188,180.38898,0.10000,-0.58091,0.50362,3,1.00000,"{'momentum_5': 0.0037700282752120007, 'momentum_20': 0.005889216067559211}"
NVDA,2025-12-04T14:05:00+00:00,2025-12-04T14:55:00+00:00,14,14,momentum_confirmation,trailing_stop,181.47198,180.59322,0.10000,-0.59150,0.50362,10,1.00000,"{'momentum_5': 0.0061022966825696745, 'momentum_20': 0.005767524401064872}"
NVDA,2025-12-04T15:45:00+00:00,2025-12-04T16:15:00+00:00,15,16,momentum_confirmation,structure_exit,182.44727,181.80786,0.10000,-0.56758,0.50364,6,1.00000,"{'momentum_5': 0.010838230402483662, 'momentum_20': 0.005376047640052839}"
NVDA,2025-12-04T17:05:00+00:00,2025-12-04T18:35:00+00:00,17,18,momentum_confirmation,time_stop,183.73765,183.28161,0.10000,-0.54927,0.50367,18,1.00000,"{'momentum_5': 0.0035798218287150796, 'momentum_20': 0.014054001516456083}"
NVDA,2025-12-08T14:35:00+00:00,2025-12-08T14:55:00+00:00,14,14,momentum_confirmation,stop_loss,185.30312,183.21244,0.10000,-0.71275,0.50369,4,1.00000,"{'momentum_5': 0.015074005192942996, 'momentum_20': 0.012797374897457026}"
NVDA,2025-12-08T15:45:00+00:00,2025-12-08T15:55:00+00:00,15,15,momentum_confirmation,stop_loss,184.30772,183.52744,0.10000,-0.58171,0.50368,2,1.00000,"{'momentum_5': 0.00705229490719228, 'momentum_20': 0.009124004612952819}"
NVDA,2025-12-08T18:00:00+00:00,2025-12-08T18:25:00+00:00,18,18,momentum_confirmation,trailing_stop,186.04334,185.77667,0.10000,-0.53039,0.50372,5,1.00000,"{'momentum_5': 0.014099102784368212, 'momentum_20': 0.012808130790772587}"
NVDA,2025-12-10T19:05:00+00:00,2025-12-10T20:30:00+00:00,19,20,momentum_confirmation,trailing_stop,183.56260,183.62731,0.10000,-0.49720,0.50367,17,1.00000,"{'momentum_5': 0.003857834687679418, 'momentum_20': 0.004792551006435719}"
NVDA,2025-12-11T17:20:00+00:00,2025-12-11T18:35:00+00:00,17,18,momentum_confirmation,take_profit,178.73616,179.83345,0.10000,-0.39386,0.50359,15,1.00000,"{'momentum_5': 0.005658146605111991, 'momentum_20': 0.008073049671406318}"
NVDA,2025-12-11T19:25:00+00:00,2025-12-11T19:40:00+00:00,19,19,momentum_confirmation,stop_loss,181.01834,180.61831,0.10000,-0.54362,0.50362,3,1.00000,"{'momentum_5': 0.005706582165888374, 'momentum_20': 0.012149271267518857}"
NVDA,2025-12-12T14:35:00+00:00,2025-12-12T14:45:00+00:00,14,14,momentum_confirmation,structure_exit,182.65233,180.32330,0.10000,-0.73653,0.50363,2,0.90501,"{'momentum_5': 0.005508427894678869, 'momentum_20': 0.0004932858317348021}"
NVDA,2025-12-12T18:15:00+00:00,2025-12-12T18:55:00+00:00,18,18,momentum_confirmation,structure_exit,177.86090,176.79435,0.10000,-0.61020,0.50355,8,1.00000,"{'momentum_5': 0.004294027911181386, 'momentum_20': 0.012762805538146127}"
NVDA,2025-12-15T14:00:00+00:00,2025-12-15T14:30:00+00:00,14,14,momentum_confirmation,structure_exit,177.84079,176.87773,0.10000,-0.59985,0.50355,6,1.00000,"{'momentum_5': 0.0038968594667871947, 'momentum_20': 0.0038401581474158952}"
NVDA,2025-12-15T16:20:00+00:00,2025-12-15T16:35:00+00:00,16,16,momentum_confirmation,stop_loss,178.27112,177.27421,0.10000,-0.60325,0.50356,3,1.00000,"{'momentum_5': 0.006440515196022956, 'momentum_20': 0.00663954572421388}"
NVDA,2025-12-16T13:30:00+00:00,2025-12-16T13:50:00+00:00,13,13,momentum_confirmation,structure_exit,177.54080,176.40947,0.10000,-0.61667,0.50354,4,1.00000,"{'momentum_5': 0.003676886525625145, 'momentum_20': 0.008010453357572889}"
NVDA,2025-12-16T18:40:00+00:00,2025-12-16T19:00:00+00:00,18,19,momentum_confirmation,stop_loss,177.50079,176.64930,0.10000,-0.58869,0.50354,4,1.00000,"{'momentum_5': 0.005697763415256407, 'momentum_20': 0.0024299276672692383}"
NVDA,2025-12-17T18:00:00+00:00,2025-12-17T18:10:00+00:00,18,18,momentum_confirmation,stop_loss,172.57932,171.77586,0.10000,-0.58379,0.50344,2,1.00000,"{'momentum_5': 0.004338331634881287, 'momentum_20': 0.007594788806449815}"
NVDA,2025-12-18T13:40:00+00:00,2025-12-18T13:50:00+00:00,13,13,momentum_confirmation,stop_loss,174.48989,173.76696,0.10000,-0.57578,0.50348,2,1.00000,"{'momentum_5': 0.00850153258920816, 'momentum_20': 0.007103667340456088}"
NVDA,2025-12-18T15:00:00+00:00,2025-12-18T15:10:00+00:00,15,15,momentum_confirmation,structure_exit,173.69465,172.95500,0.10000,-0.57743,0.50347,2,1.00000,"{'momentum_5': 0.004949921843339311, 'momentum_20': 0.0034400852304095064}"
NVDA,2025-12-18T16:50:00+00:00,2025-12-18T17:00:00+00:00,16,17,momentum_confirmation,stop_loss,175.91532,175.16484,0.10000,-0.57856,0.50351,2,1.00000,"{'momentum_5': 0.00528876641767706, 'momentum_20': 0.015835136610916623}"
NVDA,2025-12-19T14:25:00+00:00,2025-12-19T14:40:00+00:00,14,14,momentum_confirmation,take_profit,176.82059,179.58842,0.10000,-0.22678,0.50356,3,1.00000,"{'momentum_5': 0.004604889141557766, 'momentum_20': 0.003577919127669249}"
NVDA,2025-12-19T17:10:00+00:00,2025-12-19T18:10:00+00:00,17,18,momentum_confirmation,stop_loss,180.73336,179.86344,0.10000,-0.59060,0.50361,12,1.00000,"{'momentum_5': 0.006220439542073963, 'momentum_20': 0.008439506448551182}"
NVDA,2025-12-23T14:40:00+00:00,2025-12-23T14:50:00+00:00,14,14,momentum_confirmation,stop_loss,184.85299,183.82725,0.10000,-0.60626,0.50369,2,1.00000,"{'momentum_5': 0.01360693514759137, 'momentum_20': 0.009848123740012982}"
NVDA,2025-12-23T15:40:00+00:00,2025-12-23T16:05:00+00:00,15,16,momentum_confirmation,take_profit,185.89430,186.68640,0.10000,-0.42452,0.50373,5,1.00000,"{'momentum_5': 0.007434520904506359, 'momentum_20': 0.01931855590914089}"
NVDA,2025-12-23T16:55:00+00:00,2025-12-23T18:25:00+00:00,16,18,momentum_confirmation,time_stop,188.41905,187.88104,0.10000,-0.55756,0.50376,18,1.00000,"{'momentum_5': 0.004454045980690324, 'momentum_20': 0.021121414240008685}"
NVDA,2025-12-24T16:40:00+00:00,2025-12-24T17:05:00+00:00,16,17,momentum_confirmation,stop_loss,188.52409,187.86105,0.10000,-0.57007,0.50376,5,1.00000,"{'momentum_5': 0.0034084252010437854, 'momentum_20': 0.003140771408384868}"
NVDA,2025-12-26T14:30:00+00:00,2025-12-26T16:10:00+00:00,14,16,momentum_confirmation,time_stop,191.38494,191.06009,0.10000,-0.53631,0.50382,20,1.00000,"{'momentum_5': 0.005632530611408004, 'momentum_20': 0.008276225619399113}"
NVDA,2025-12-26T18:55:00+00:00,2025-12-26T19:50:00+00:00,18,19,momentum_confirmation,stop_loss,192.64852,191.79987,0.10000,-0.58871,0.50384,11,1.00000,"{'momentum_5': 0.004451168614357126, 'momentum_20': 0.010143767202274168}"
NVDA,2025-12-31T13:30:00+00:00,2025-12-31T13:50:00+00:00,13,13,momentum_confirmation,take_profit,189.05784,189.55554,0.10000,-0.45402,0.50379,4,1.00000,"{'momentum_5': 0.003791106624873919, 'momentum_20': 0.006893685051958531}"
NVDA,2026-01-02T14:30:00+00:00,2026-01-02T15:55:00+00:00,14,15,momentum_confirmation,stop_loss,191.23490,188.84575,0.10000,-0.74272,0.50380,17,1.00000,"{'momentum_5': 0.010575296108290999, 'momentum_20': 0.010201384851207917}"
NVDA,2026-01-05T14:30:00+00:00,2026-01-05T14:40:00+00:00,14,14,momentum_confirmation,structure_exit,193.09045,190.11537,0.10000,-0.80134,0.50383,2,1.00000,"{'momentum_5': 0.005601875977071291, 'momentum_20': 0.006756051752921488}"
NVDA,2026-01-06T14:10:00+00:00,2026-01-06T14:45:00+00:00,14,14,momentum_confirmation,take_profit,190.30462,191.12007,0.10000,-0.42227,0.50381,7,1.00000,"{'momentum_5': 0.003429355281207247, 'momentum_20': 0.004807692307692291}"
NVDA,2026-01-07T14:55:00+00:00,2026-01-07T15:35:00+00:00,14,15,momentum_confirmation,trailing_stop,190.21459,189.10067,0.10000,-0.61518,0.50379,8,1.00000,"{'momentum_5': 0.011197106306018778, 'momentum_20': 0.010955115932780313}"
NVDA,2026-01-09T19:05:00+00:00,2026-01-09T19:55:00+00:00,19,19,momentum_confirmation,stop_loss,186.25341,185.42677,0.10000,-0.58638,0.50372,10,1.00000,"{'momentum_5': 0.005319867138343426, 'momentum_20': 0.006411861104998362}"
NVDA,2026-01-12T14:30:00+00:00,2026-01-12T16:00:00+00:00,14,16,momentum_confirmation,time_stop,185.02304,184.28362,0.10000,-0.57764,0.50369,18,1.00000,"{'momentum_5': 0.01016115815350993, 'momentum_20': 0.010105976182672283}"
NVDA,2026-01-12T17:05:00+00:00,2026-01-12T17:20:00+00:00,17,17,momentum_confirmation,take_profit,185.68324,186.45647,0.10000,-0.42640,0.50372,3,1.00000,"{'momentum_5': 0.0035693039857227493, 'momentum_20': 0.005145704690715958}"
NVDA,2026-01-13T13:40:00+00:00,2026-01-13T14:10:00+00:00,13,14,momentum_confirmation,stop_loss,185.94331,185.33680,0.10000,-0.56436,0.50371,6,1.00000,"{'momentum_5': 0.005137924525138171, 'momentum_20': 0.005682433163762379}"
NVDA,2026-01-13T16:20:00+00:00,2026-01-13T16:25:00+00:00,16,16,momentum_confirmation,stop_loss,185.81428,185.11687,0.10000,-0.57345,0.50371,1,1.00000,"{'momentum_5': 0.004879347486705932, 'momentum_20': 0.00723174395515036}"
NVDA,2026-01-14T17:25:00+00:00,2026-01-14T17:30:00+00:00,17,17,momentum_confirmation,stop_loss,182.21220,181.75787,0.10000,-0.54907,0.50364,1,1.00000,"{'momentum_5': 0.003748208576783263, 'momentum_20': 0.004191576150643028}"
NVDA,2026-01-15T14:30:00+00:00,2026-01-15T15:25:00+00:00,14,15,momentum_confirmation,trailing_stop,187.23370,187.48616,0.10000,-0.47850,0.50375,11,1.00000,"{'momentum_5': 0.005967421106392257, 'momentum_20': 0.009113951356306993}"
NVDA,2026-01-15T16:45:00+00:00,2026-01-15T17:10:00+00:00,16,17,momentum_confirmation,trailing_stop,188.74425,188.58583,0.10000,-0.51962,0.50377,5,0.87928,"{'momentum_5': 0.0043035472985564205, 'momentum_20': 0.0013276356301092918}"
NVDA,2026-01-15T18:20:00+00:00,2026-01-15T19:00:00+00:00,18,19,momentum_confirmation,trailing_stop,189.12927,189.00570,0.10000,-0.51614,0.50378,8,1.00000,"{'momentum_5': 0.0034241121197642332, 'momentum_20': 0.004631034682532453}"
NVDA,2026-01-16T14:35:00+00:00,2026-01-16T15:00:00+00:00,14,15,momentum_confirmation,stop_loss,190.32462,188.82576,0.10000,-0.65368,0.50379,5,1.00000,"{'momentum_5': 0.00898169287830064, 'momentum_20': 0.009392910210146432}"
NVDA,2026-01-21T14:00:00+00:00,2026-01-21T14:25:00+00:00,14,14,momentum_confirmation,trailing_stop,179.23131,178.96870,0.10000,-0.52984,0.50358,5,1.00000,"{'momentum_5': 0.0034171755083749478, 'momentum_20': 0.00420474295004758}"
NVDA,2026-01-21T15:30:00+00:00,2026-01-21T15:50:00+00:00,15,15,momentum_confirmation,take_profit,181.26191,182.94252,0.10000,-0.33558,0.50364,4,1.00000,"{'momentum_5': 0.004937312770442848, 'momentum_20': 0.012124259693820694}"
NVDA,2026-01-21T18:50:00+00:00,2026-01-21T19:10:00+00:00,18,19,momentum_confirmation,trailing_stop,181.13688,180.92812,0.10000,-0.52450,0.50362,4,1.00000,"{'momentum_5': 0.0043274432023079346, 'momentum_20': 0.008664400735499012}"
NVDA,2026-01-22T16:25:00+00:00,2026-01-22T17:05:00+00:00,16,17,momentum_confirmation,stop_loss,185.84879,185.06018,0.10000,-0.58257,0.50371,8,1.00000,"{'momentum_5': 0.003433279308481918, 'momentum_20': 0.00795300374450525}"
NVDA,2026-01-23T15:00:00+00:00,2026-01-23T15:15:00+00:00,15,15,momentum_confirmation,stop_loss,188.40905,187.21124,0.10000,-0.62354,0.50376,3,1.00000,"{'momentum_5': 0.0067905360245954505, 'momentum_20': 0.009020334737853908}"
NVDA,2026-01-26T14:30:00+00:00,2026-01-26T16:00:00+00:00,14,16,momentum_confirmation,time_stop,188.13387,186.61642,0.10000,-0.65549,0.50375,18,1.00000,"{'momentum_5': 0.0056691270860076415, 'momentum_20': 0.00928605936979987}"
NVDA,2026-01-27T15:10:00+00:00,2026-01-27T17:50:00+00:00,15,17,momentum_confirmation,stale_breakout,189.15427,189.10967,0.10000,-0.50824,0.50378,32,1.00000,"{'momentum_5': 0.012722785351948485, 'momentum_20': 0.010530817341102283}"
NVDA,2026-01-29T14:30:00+00:00,2026-01-29T14:40:00+00:00,14,14,momentum_confirmation,structure_exit,192.96541,190.49526,0.10000,-0.75085,0.50383,2,1.00000,"{'momentum_5': 0.007237906616484935, 'momentum_20': 0.00926313585932581}"
NVDA,2026-01-29T17:15:00+00:00,2026-01-29T17:50:00+00:00,17,17,momentum_confirmation,trailing_stop,189.32442,189.19065,0.10000,-0.51716,0.50379,7,1.00000,"{'momentum_5': 0.005527448583727557, 'momentum_20': 0.007830510280174785}"
NVDA,2026-01-30T14:20:00+00:00,2026-01-30T14:55:00+00:00,14,14,momentum_confirmation,trailing_stop,191.54499,191.50496,0.10000,-0.50783,0.50383,7,1.00000,"{'momentum_5': 0.004512777457102546, 'momentum_20': 0.004881889763779457}"
NVDA,2026-01-30T15:45:00+00:00,2026-01-30T16:15:00+00:00,15,16,momentum_confirmation,structure_exit,194.48087,192.23474,0.10000,-0.72848,0.50387,6,1.00000,"{'momentum_5': 0.008771246918385822, 'momentum_20': 0.01889809184315383}"
NVDA,2026-02-02T16:25:00+00:00,2026-02-02T16:40:00+00:00,16,16,momentum_confirmation,stop_loss,189.25420,188.80076,0.10000,-0.54912,0.50378,3,1.00000,"{'momentum_5': 0.004914061047206708, 'momentum_20': 0.01157855328252455}"
NVDA,2026-02-02T17:50:00+00:00,2026-02-02T19:20:00+00:00,17,19,momentum_confirmation,time_stop,189.96952,189.76048,0.10000,-0.52470,0.50380,18,1.00000,"{'momentum_5': 0.0034083804194384726, 'momentum_20': 0.006600922538571474}"
NVDA,2026-02-04T19:05:00+00:00,2026-02-04T19:55:00+00:00,19,19,momentum_confirmation,take_profit,174.39486,175.84464,0.10000,-0.35852,0.50350,10,1.00000,"{'momentum_5': 0.004119375468110809, 'momentum_20': 0.005393712143063167}"
NVDA,2026-02-05T14:40:00+00:00,2026-02-05T14:50:00+00:00,14,14,momentum_confirmation,trailing_stop,175.36015,175.06987,0.10000,-0.53253,0.50350,2,1.00000,"{'momentum_5': 0.006374181692890835, 'momentum_20': 0.008517005236807318}"
NVDA,2026-02-05T16:45:00+00:00,2026-02-05T18:10:00+00:00,16,18,momentum_confirmation,structure_exit,175.28333,174.66999,0.10000,-0.56483,0.50350,17,1.00000,"{'momentum_5': 0.011159085661510026, 'momentum_20': 0.01127583419928424}"
NVDA,2026-02-06T14:35:00+00:00,2026-02-06T15:00:00+00:00,14,15,momentum_confirmation,trailing_stop,178.42117,179.43886,0.10000,-0.40181,0.50358,5,1.00000,"{'momentum_5': 0.006776014905990557, 'momentum_20': 0.011286864791288709}"
NVDA,2026-02-06T16:00:00+00:00,2026-02-06T20:05:00+00:00,16,20,momentum_confirmation,take_profit,183.57761,185.18684,0.10000,-0.34276,0.50369,49,1.00000,"{'momentum_5': 0.006142202966903376, 'momentum_20': 0.038285229202037474}"
NVDA,2026-02-09T14:30:00+00:00,2026-02-09T20:20:00+00:00,14,20,momentum_confirmation,trailing_stop,187.41445,189.92543,0.10000,-0.25268,0.50377,70,1.00000,"{'momentum_5': 0.018492669109662296, 'momentum_20': 0.01899080572330125}"
NVDA,2026-02-10T17:20:00+00:00,2026-02-10T17:30:00+00:00,17,17,momentum_confirmation,structure_exit,190.07465,189.43058,0.10000,-0.56820,0.50380,2,1.00000,"{'momentum_5': 0.0035930896027049908, 'momentum_20': 0.003222075521521095}"
NVDA,2026-02-11T13:30:00+00:00,2026-02-11T14:55:00+00:00,13,14,momentum_confirmation,trailing_stop,191.39494,191.10507,0.10000,-0.53281,0.50383,17,1.00000,"{'momentum_5': 0.00806324110671941, 'momentum_20': 0.009393139841688658}"
NVDA,2026-02-11T17:20:00+00:00,2026-02-11T17:55:00+00:00,17,17,momentum_confirmation,stale_breakout,191.77006,191.70490,0.10000,-0.51035,0.50383,7,1.00000,"{'momentum_5': 0.0037446318215146324, 'momentum_20': 0.004976246159009268}"
NVDA,2026-02-12T14:25:00+00:00,2026-02-12T14:30:00+00:00,14,14,momentum_confirmation,stop_loss,193.19548,192.04479,0.10000,-0.61892,0.50385,1,1.00000,"{'momentum_5': 0.003899547652472357, 'momentum_20': 0.0037951650636860457}"
NVDA,2026-02-12T17:40:00+00:00,2026-02-12T17:50:00+00:00,17,17,momentum_confirmation,stop_loss,190.28961,189.48056,0.10000,-0.58470,0.50380,2,1.00000,"{'momentum_5': 0.006536466603154434, 'momentum_20': 0.004012353826254644}"
NVDA,2026-02-13T17:20:00+00:00,2026-02-13T17:55:00+00:00,17,17,momentum_confirmation,stop_loss,184.69294,183.87224,0.10000,-0.58576,0.50369,7,1.00000,"{'momentum_5': 0.004025239338555364, 'momentum_20': 0.005460361176962802}"
NVDA,2026-02-17T14:30:00+00:00,2026-02-17T14:50:00+00:00,14,14,momentum_confirmation,structure_exit,182.49228,179.74847,0.10000,-0.77800,0.50362,4,1.00000,"{'momentum_5': 0.0049647617630688146, 'momentum_20': 0.006956713780918777}"
NVDA,2026-02-17T16:05:00+00:00,2026-02-17T17:50:00+00:00,16,17,momentum_confirmation,time_stop,183.85269,183.71728,0.10000,-0.51722,0.50368,21,1.00000,"{'momentum_5': 0.019191802090192, 'momentum_20': 0.011116002641426537}"
NVDA,2026-02-17T18:40:00+00:00,2026-02-17T19:30:00+00:00,18,19,momentum_confirmation,take_profit,185.64322,186.69139,0.10000,-0.39891,0.50372,10,1.00000,"{'momentum_5': 0.00514681980712961, 'momentum_20': 0.008259324754823494}"
NVDA,2026-02-18T15:15:00+00:00,2026-02-18T16:40:00+00:00,15,16,momentum_confirmation,structure_exit,189.99452,189.38059,0.10000,-0.56519,0.50379,17,1.00000,"{'momentum_5': 0.009302078350077014, 'momentum_20': 0.005613812096176174}"
NVDA,2026-02-19T15:30:00+00:00,2026-02-19T16:05:00+00:00,15,16,momentum_confirmation,stop_loss,188.47437,187.04619,0.10000,-0.64657,0.50376,7,1.00000,"{'momentum_5': 0.005073382085753364, 'momentum_20': 0.006520786576894366}"
NVDA,2026-02-20T14:45:00+00:00,2026-02-20T15:45:00+00:00,14,15,momentum_confirmation,take_profit,188.13397,189.38719,0.10000,-0.37845,0.50378,12,1.00000,"{'momentum_5': 0.009611770391451557, 'momentum_20': 0.00395130286202483}"
NVDA,2026-02-20T16:45:00+00:00,2026-02-20T17:00:00+00:00,16,17,momentum_confirmation,stop_loss,190.17958,189.49556,0.10000,-0.57220,0.50380,3,1.00000,"{'momentum_5': 0.0064603246048347, 'momentum_20': 0.013787596656925194}"
NVDA,2026-02-20T18:50:00+00:00,2026-02-20T19:30:00+00:00,18,19,momentum_confirmation,stop_loss,189.95451,189.08838,0.10000,-0.59040,0.50379,8,1.00000,"{'momentum_5': 0.006147975408098416, 'momentum_20': 0.005668806308632979}"
NVDA,2026-02-23T14:30:00+00:00,2026-02-23T15:50:00+00:00,14,15,momentum_confirmation,structure_exit,193.19548,190.56534,0.10000,-0.76685,0.50384,16,1.00000,"{'momentum_5': 0.011578561324461667, 'momentum_20': 0.018461863065724282}"
NVDA,2026-02-23T18:05:00+00:00,2026-02-23T18:50:00+00:00,18,18,momentum_confirmation,trailing_stop,191.23990,191.20504,0.10000,-0.50731,0.50382,9,1.00000,"{'momentum_5': 0.005629949225224307, 'momentum_20': 0.003298746539308395}"
NVDA,2026-02-24T14:25:00+00:00,2026-02-24T14:30:00+00:00,14,14,momentum_confirmation,stop_loss,191.58500,188.53584,0.10000,-0.80872,0.50380,1,1.00000,"{'momentum_5': 0.004722674083014189, 'momentum_20': 0.008798735511064137}"
NVDA,2026-02-24T15:25:00+00:00,2026-02-24T16:20:00+00:00,15,16,momentum_confirmation,trailing_stop,192.12516,192.08478,0.10000,-0.50788,0.50384,11,1.00000,"{'momentum_5': 0.00903883546166373, 'momentum_20': 0.006183514122517275}"
NVDA,2026-02-24T17:10:00+00:00,2026-02-24T17:20:00+00:00,17,17,momentum_confirmation,stop_loss,193.65562,193.07988,0.10000,-0.56144,0.50387,2,1.00000,"{'momentum_5': 0.0063959232489210205, 'momentum_20': 0.007915842099781134}"
NVDA,2026-02-25T14:50:00+00:00,2026-02-25T20:50:00+00:00,14,20,momentum_confirmation,trailing_stop,195.89669,196.30352,0.10000,-0.46324,0.50392,72,1.00000,"{'momentum_5': 0.006686548745372223, 'momentum_20': 0.006893643283274908}"
NVDA,2026-02-26T17:30:00+00:00,2026-02-26T17:35:00+00:00,17,17,momentum_confirmation,stop_loss,187.98382,186.98131,0.10000,-0.60400,0.50375,1,1.00000,"{'momentum_5': 0.003846647074539078, 'momentum_20': 0.007939803637534215}"
NVDA,2026-03-02T14:30:00+00:00,2026-03-03T13:00:00+00:00,14,13,momentum_confirmation,time_stop,179.15128,178.13895,0.10000,-0.60481,0.50357,78,1.00000,"{'momentum_5': 0.02629302660715105, 'momentum_20': 0.028433568843701407}"
NVDA,2026-03-03T14:55:00+00:00,2026-03-03T15:15:00+00:00,14,15,momentum_confirmation,trailing_stop,178.95122,178.63380,0.10000,-0.53532,0.50358,4,1.00000,"{'momentum_5': 0.004324142191273195, 'momentum_20': 0.004417775790858114}"
NVDA,2026-03-03T17:00:00+00:00,2026-03-03T17:30:00+00:00,17,17,momentum_confirmation,stop_loss,180.25161,179.03868,0.10000,-0.62489,0.50359,6,1.00000,"{'momentum_5': 0.0036219308161629105, 'momentum_20': 0.010801559913587333}"
NVDA,2026-03-03T18:20:00+00:00,2026-03-03T19:05:00+00:00,18,19,momentum_confirmation,structure_exit,180.44167,179.66350,0.10000,-0.58142,0.50360,9,1.00000,"{'momentum_5': 0.0041204966868979565, 'momentum_20': 0.002780403714619295}"
NVDA,2026-03-04T15:25:00+00:00,2026-03-04T15:35:00+00:00,15,15,momentum_confirmation,stop_loss,183.58261,182.33770,0.10000,-0.62815,0.50366,2,1.00000,"{'momentum_5': 0.012807065967430198, 'momentum_20': 0.006307591048705596}"
NVDA,2026-03-04T16:35:00+00:00,2026-03-04T17:10:00+00:00,16,17,momentum_confirmation,structure_exit,182.73235,182.57753,0.10000,-0.51914,0.50365,7,1.00000,"{'momentum_5': 0.0035720173654998355, 'momentum_20': 0.009117533292811064}"
NVDA,2026-03-04T18:40:00+00:00,2026-03-04T20:10:00+00:00,18,20,momentum_confirmation,time_stop,183.93771,183.20724,0.10000,-0.57672,0.50367,18,1.00000,"{'momentum_5': 0.005717255717255565, 'momentum_20': 0.005497210370856598}"
NVDA,2026-03-05T15:45:00+00:00,2026-03-05T16:15:00+00:00,15,16,momentum_confirmation,trailing_stop,183.14248,182.91752,0.10000,-0.52616,0.50366,6,1.00000,"{'momentum_5': 0.00555049810542485, 'momentum_20': 0.007707977756978401}"
NVDA,2026-03-06T14:55:00+00:00,2026-03-06T16:25:00+00:00,14,16,momentum_confirmation,time_stop,181.98213,181.60792,0.10000,-0.54106,0.50364,18,1.00000,"{'momentum_5': 0.005028735632183867, 'momentum_20': 0.004529135597901135}"
NVDA,2026-03-09T13:30:00+00:00,2026-03-09T13:40:00+00:00,13,13,momentum_confirmation,structure_exit,177.63083,176.01459,0.10000,-0.66516,0.50354,2,1.00000,"{'momentum_5': 0.00674870980547837, 'momentum_20': 0.007091393884381958}"
NVDA,2026-03-09T14:35:00+00:00,2026-03-09T16:25:00+00:00,14,16,momentum_confirmation,take_profit,178.78617,180.37828,0.10000,-0.34438,0.50359,22,1.00000,"{'momentum_5': 0.009747945889829968, 'momentum_20': 0.014046538024971689}"
NVDA,2026-03-09T19:15:00+00:00,2026-03-10T13:35:00+00:00,19,13,momentum_confirmation,take_profit,180.90181,182.99250,0.10000,-0.29457,0.50364,28,1.00000,"{'momentum_5': 0.005365769294720213, 'momentum_20': 0.00867576087259736}"
NVDA,2026-03-10T14:25:00+00:00,2026-03-10T14:45:00+00:00,14,14,momentum_confirmation,take_profit,184.16278,185.15186,0.10000,-0.40479,0.50369,4,1.00000,"{'momentum_5': 0.007058437294813036, 'momentum_20': 0.009876543209876631}"
NVDA,2026-03-11T13:35:00+00:00,2026-03-11T14:30:00+00:00,13,14,momentum_confirmation,trailing_stop,186.10336,185.82165,0.10000,-0.53189,0.50372,11,1.00000,"{'momentum_5': 0.005728635498938539, 'momentum_20': 0.004536862003780673}"
NVDA,2026-03-12T15:45:00+00:00,2026-03-12T16:05:00+00:00,15,16,momentum_confirmation,trailing_stop,183.98283,183.98720,0.10000,-0.50324,0.50368,4,1.00000,"{'momentum_5': 0.007176270815074437, 'momentum_20': 0.007176270815074437}"
NVDA,2026-03-13T13:50:00+00:00,2026-03-13T14:00:00+00:00,13,14,momentum_confirmation,structure_exit,185.75826,183.98221,0.10000,-0.68130,0.50370,2,1.00000,"{'momentum_5': 0.0038663277997079692, 'momentum_20': 0.005998764482112007}"
NVDA,2026-03-16T13:30:00+00:00,2026-03-16T14:40:00+00:00,13,14,momentum_confirmation,structure_exit,184.56290,183.48335,0.10000,-0.61164,0.50368,14,1.00000,"{'momentum_5': 0.004837055143736002, 'momentum_20': 0.009910205869470001}"
NVDA,2026-03-16T15:30:00+00:00,2026-03-16T15:40:00+00:00,15,15,momentum_confirmation,stop_loss,185.01464,184.48206,0.10000,-0.55695,0.50369,2,1.00000,"{'momentum_5': 0.00421778682959939, 'momentum_20': 0.0031825950139707793}"
NVDA,2026-03-16T18:05:00+00:00,2026-03-16T18:30:00+00:00,18,18,momentum_confirmation,stop_loss,185.22910,184.47206,0.10000,-0.57940,0.50370,5,1.00000,"{'momentum_5': 0.004291333242913531, 'momentum_20': 0.006612289287656337}"
NVDA,2026-03-17T17:35:00+00:00,2026-03-17T18:55:00+00:00,17,18,momentum_confirmation,structure_exit,183.16238,182.22773,0.10000,-0.59712,0.50365,16,1.00000,"{'momentum_5': 0.003442019054719303, 'momentum_20': 0.004830103749245307}"
NVDA,2026-03-18T15:00:00+00:00,2026-03-18T15:15:00+00:00,15,15,momentum_confirmation,stop_loss,183.17249,182.34270,0.10000,-0.58663,0.50366,3,1.00000,"{'momentum_5': 0.003535893429816639, 'momentum_20': 0.006154216520473987}"
NVDA,2026-03-19T15:05:00+00:00,2026-03-19T15:30:00+00:00,15,15,momentum_confirmation,stop_loss,178.69115,177.75907,0.10000,-0.59677,0.50356,5,1.00000,"{'momentum_5': 0.004330465103200121, 'momentum_20': 0.00320206729959005}"
NVDA,2026-03-19T18:10:00+00:00,2026-03-19T18:40:00+00:00,18,18,momentum_confirmation,stop_loss,178.98123,178.16395,0.10000,-0.58530,0.50357,6,0.88488,"{'momentum_5': 0.004013359153546059, 'momentum_20': 0.0016295309078895315}"
NVDA,2026-03-23T13:55:00+00:00,2026-03-23T14:05:00+00:00,13,14,momentum_confirmation,stop_loss,177.94092,176.81435,0.10000,-0.61620,0.50355,2,1.00000,"{'momentum_5': 0.0046892655367232194, 'momentum_20': 0.00656591385068217}"
NVDA,2026-03-24T15:15:00+00:00,2026-03-24T16:00:00+00:00,15,16,momentum_confirmation,stop_loss,175.92532,175.07487,0.10000,-0.58855,0.50351,9,1.00000,"{'momentum_5': 0.004915549712783296, 'momentum_20': 0.0038254018099288523}"
NVDA,2026-03-24T18:35:00+00:00,2026-03-24T18:45:00+00:00,18,18,momentum_confirmation,stop_loss,176.26042,175.47975,0.10000,-0.58158,0.50352,2,1.00000,"{'momentum_5': 0.004992155184709635, 'momentum_20': 0.005738102714893278}"
NVDA,2026-03-25T13:40:00+00:00,2026-03-25T13:55:00+00:00,13,13,momentum_confirmation,stop_loss,179.32133,178.04398,0.10000,-0.63131,0.50357,3,1.00000,"{'momentum_5': 0.011114872489280003, 'momentum_20': 0.006240363484047551}"
NVDA,2026-03-25T14:45:00+00:00,2026-03-25T15:05:00+00:00,14,15,momentum_confirmation,stop_loss,180.96683,179.77846,0.10000,-0.62244,0.50361,4,1.00000,"{'momentum_5': 0.005532080507060888, 'momentum_20': 0.01872922886272743}"
NVDA,2026-03-31T13:30:00+00:00,2026-03-31T16:35:00+00:00,13,16,momentum_confirmation,take_profit,168.76818,172.23072,0.10000,-0.15716,0.50341,37,1.00000,"{'momentum_5': 0.006144484877408596, 'momentum_20': 0.008008606263447238}"
NVDA,2026-04-01T14:55:00+00:00,2026-04-01T16:40:00+00:00,14,16,momentum_confirmation,trailing_stop,176.79058,176.74007,0.10000,-0.50859,0.50354,21,1.00000,"{'momentum_5': 0.004777070063694211, 'momentum_20': 0.004019944014011401}"
NVDA,2026-04-02T13:30:00+00:00,2026-04-02T15:40:00+00:00,13,15,momentum_confirmation,take_profit,173.57962,176.84434,0.10000,-0.17703,0.50350,26,1.00000,"{'momentum_5': 0.013935105113863866, 'momentum_20': 0.01620943978723277}"
NVDA,2026-04-02T16:40:00+00:00,2026-04-02T16:50:00+00:00,16,16,momentum_confirmation,structure_exit,176.59062,176.45946,0.10000,-0.51665,0.50353,2,0.65561,"{'momentum_5': 0.003811501052272348, 'momentum_20': 0.0002839653120216834}"
